id	Label	ScanNr	primary	xCorrLib	xCorrModel	LogDotProduct	logWeightedDotProduct	sumOfSquaredErrors	weightedSumOfSquaredErrors	numberOfMatchingPeaks	numberOfMatchingPeaksAboveThreshold	averageAbsFragmentDeltaMass	averageFragmentDeltaMasses	isotopeDotProduct	averageAbsParentDeltaMass	averageParentDeltaMass	eValue	numMissedCleavage	pepLength	charge1	charge2	charge3	charge4	precursorMz	precursorMass	RTinMin	sequence	Proteins	score	pyIsoPEP FDR	pyIsoPEP q-value from FDR	pyIsoPEP PEP
2023_05_31_mouse_tcell_100FC+PRTC_100fmol_100ng_60k_PRM_50cm_wtrap_01.mzml:5515.598:SPQENLVPC[+57.0214635]DVLLLR+2	1	40887	10.850115	2.221604	2.7725415	5.2903514	4.9915953	0.007576547	0.003808162	9	9	0.99958843	-0.6285928	0.9358007	1.7732996	1.1937023	4.1845407	0	15	0	1	0	0	876.9692793	1751.924006	91.926636	-.SPQENLVPC[+57.0214635]DVLLLR.-	sp|Q9EPE9|AT131_MOUSE	0.019078707808879	0.3333333333333333	0.00398406374501992	0.0024334637732081046
2023_05_31_mouse_tcell_100FC+PRTC_100fmol_100ng_60k_PRM_50cm_wtrap_01.mzml:3305.0903:NSTEC[+57.0214635]TLILTEGDSAK+2	1	24556	12.7838745	2.3987656	3.5486524	6.224111	5.926542	0.000956	0.000482	10	10	0.96160096	-0.7212007	0.99626136	3.1611156	2.0071523	-1.4107206	0	16	0	1	0	0	869.9118243	1737.809096	55.08484	-.NSTEC[+57.0214635]TLILTEGDSAK.-	sp|Q01320|TOP2A_MOUSE	0.01688674435576	0.2	0.00398406374501992	0.0024334637732081046
2023_05_31_mouse_tcell_100FC+PRTC_100fmol_100ng_60k_PRM_50cm_wtrap_01.mzml:4868.182:DSC[+57.0214635]NGDSGSPLLC[+57.0214635]DGILR+2	1	36109	12.184565	2.2512019	3.5981035	5.624801	5.326908	0.001098352	0.000553	10	10	0.55324775	-0.30341718	0.9234658	2.8037329	-1.5135665	-1.490385	0	18	0	1	0	0	968.4303893	1934.846226	81.13637	-.DSC[+57.0214635]NGDSGSPLLC[+57.0214635]DGILR.-	sp|P11032|GRAA_MOUSE	0.0165434150480199	0.14285714285714285	0.00398406374501992	0.0024334637732081046
2023_05_31_mouse_tcell_100FC+PRTC_100fmol_100ng_60k_PRM_50cm_wtrap_01.mzml:4606.4697:ATYSTNSPVWEEAFR+2	1	34176	12.5413685	2.1827981	3.4827504	5.9816046	5.6836042	0.000748	0.000377	10	9	0.35725093	-0.07289706	0.99198765	3.360533	3.360533	-1.697484	0	15	0	1	0	0	879.4101043	1756.805656	76.7745	-.ATYSTNSPVWEEAFR.-	sp|Q3U7R1|ESYT1_MOUSE	0.01581838951579	0.1111111111111111	0.00398406374501992	0.0024334637732081046
2023_05_31_mouse_tcell_100FC+PRTC_100fmol_100ng_60k_PRM_50cm_wtrap_01.mzml:4570.2144:ANC[+57.0214635]IDSTASAEAVFASEVK+2	1	33908	9.488847	1.9146948	1.9291213	4.883326	4.5853257	0.018647399	0.009388967	8	8	1.5166324	-1.1374743	0.0	10.0	10.0	0.8408289	0	19	0	1	0	0	985.4622123	1968.909872	76.17024	-.ANC[+57.0214635]IDSTASAEAVFASEVK.-	sp|P35550|FBRL_MOUSE	0.015191628346839	0.09090909090909091	0.00398406374501992	0.0024334637732081046
2023_05_31_mouse_tcell_100FC+PRTC_100fmol_100ng_60k_PRM_50cm_wtrap_01.mzml:3063.839:EAAGEGPVLYEDPPDQK+2	1	22772	11.807917	1.9130578	3.2486448	6.248153	5.9512296	0.014584539	0.007361546	9	1	1.0368271	-0.7776203	0.9892281	4.6157217	4.6157217	-1.0420575	0	17	0	1	0	0	907.9257848	1813.837017	51.063984	-.EAAGEGPVLYEDPPDQK.-	sp|P28352|APEX1_MOUSE	0.0147589175697069	0.07692307692307693	0.00398406374501992	0.0024334637732081046
2023_05_31_mouse_tcell_100FC+PRTC_100fmol_100ng_60k_PRM_50cm_wtrap_01.mzml:1321.258:SC[+57.0214635]C[+57.0214635]SC[+57.0214635]C[+57.0214635]PVGC[+57.0214635]SK+2	1	9886	12.044439	2.0701578	2.5095415	6.4846754	6.1867824	0.001160723	0.000585	9	9	0.43066478	-0.27601463	0.91520387	1.8762236	1.1856952	-0.10350847	0	12	0	1	0	0	731.2560258	1460.497499	22.020967	-.SC[+57.0214635]C[+57.0214635]SC[+57.0214635]C[+57.0214635]PVGC[+57.0214635]SK.-	sp|P02802|MT1_MOUSE	0.0145183453960849	0.06666666666666667	0.00398406374501992	0.002433463773208105
2023_05_31_mouse_tcell_100FC+PRTC_100fmol_100ng_60k_PRM_50cm_wtrap_01.mzml:1365.2208:VDQQVQDNENAPQR+2	1	10211	12.694643	1.8692132	3.099342	6.13488	5.8156734	0.001703878	0.000841	10	9	0.44075608	-0.18034962	0.9568858	1.4856635	0.9946538	-1.0704219	0	14	0	1	0	0	820.8847898	1639.755027	22.753681	-.VDQQVQDNENAPQR.-	sp|E9PVX6|KI67_MOUSE	0.0143984554825299	0.058823529411764705	0.00398406374501992	0.002433463773208105
2023_05_31_mouse_tcell_100FC+PRTC_100fmol_100ng_60k_PRM_50cm_wtrap_01.mzml:4976.7534:SGEYSC[+57.0214635]IFLPEPVGR+2	1	36911	12.866352	2.018202	3.2130215	6.306589	6.008589	0.001227772	0.000618	10	8	0.57287514	-0.34665734	0.9943256	3.9031823	3.9031823	-1.3613558	0	15	0	1	0	0	855.9114258	1709.808299	82.94589	-.SGEYSC[+57.0214635]IFLPEPVGR.-	sp|P18572|BASI_MOUSE	0.0143443553074599	0.05263157894736842	0.00398406374501992	0.002433463773208105
2023_05_31_mouse_tcell_100FC+PRTC_100fmol_100ng_60k_PRM_50cm_wtrap_01.mzml:3537.0767:VMNTGSQFVMEGVK+2	1	26271	11.759172	1.7920316	1.9380467	5.199409	4.9035597	0.002803421	0.001418531	10	1	2.6722295	0.7001133	0.5947007	9.410799	9.410799	0.006995201	0	14	0	1	0	0	763.8707198	1525.726887	58.95128	-.VMNTGSQFVMEGVK.-	sp|Q8BRF7|SCFD1_MOUSE	0.0143423785138359	0.047619047619047616	0.00398406374501992	0.002433463773208105
2023_05_31_mouse_tcell_100FC+PRTC_100fmol_100ng_60k_PRM_50cm_wtrap_01.mzml:2495.6426:AIGNIVTGTDEQTQK+2	1	18570	12.813986	2.1228561	3.4232628	6.254223	5.956869	0.002258129	0.001138661	10	6	0.3570089	-0.17296511	0.9970239	2.6060731	1.5160179	-1.5435474	0	15	0	1	0	0	787.9046603	1573.794768	41.594044	-.AIGNIVTGTDEQTQK.-	sp|P52293|IMA1_MOUSE	0.0143375377610269	0.043478260869565216	0.00398406374501992	0.002433463773208105
2023_05_31_mouse_tcell_100FC+PRTC_100fmol_100ng_60k_PRM_50cm_wtrap_01.mzml:3003.2346:GASFEEDSGGPLVC[+57.0214635]K+2	1	22324	11.588225	2.0794637	2.2630432	5.028462	4.730138	0.003319459	0.001670103	10	9	2.2772262	-1.7079197	0.0	10.0	10.0	-0.61892176	0	15	0	1	0	0	776.8510383	1551.687524	50.05391	-.GASFEEDSGGPLVC[+57.0214635]K.-	sp|P08882|GRAC_MOUSE	0.0143174934919109	0.04	0.00398406374501992	0.002433463773208105
2023_05_31_mouse_tcell_100FC+PRTC_100fmol_100ng_60k_PRM_50cm_wtrap_01.mzml:5113.3486:LNMEAINYMAADGDFK+2	1	37920	12.485191	2.0605955	2.8761468	5.9254284	5.628074	0.002540384	0.001280989	10	10	2.226138	-1.1670191	0.96719295	3.7688878	3.7688878	-1.9556377	0	16	0	1	0	0	901.9080258	1801.801499	85.22248	-.LNMEAINYMAADGDFK.-	sp|P16045|LEG1_MOUSE	0.0139598080088379	0.037037037037037035	0.00398406374501992	0.0024334637732081107
2023_05_31_mouse_tcell_100FC+PRTC_100fmol_100ng_60k_PRM_50cm_wtrap_01.mzml:4156.161:ELILFSNSDNER+2	1	30848	12.944706	2.20295	2.7179163	6.3849425	6.086915	0.001164483	0.000588	10	4	0.7082669	0.5312002	0.9664411	3.3045063	1.0512174	-1.1753461	0	12	0	1	0	0	718.8544368	1435.694321	69.269356	-.ELILFSNSDNER.-	sp|Q01320|TOP2A_MOUSE;sp|Q64511|TOP2B_MOUSE	0.0139289338824749	0.034482758620689655	0.00398406374501992	0.002433463773208126
2023_05_31_mouse_tcell_100FC+PRTC_100fmol_100ng_60k_PRM_50cm_wtrap_01.mzml:4086.7336:FQSVESGANNVVFIR+2	1	30335	12.42383	1.9886223	2.9768667	5.864066	5.5661736	0.000561	0.000283	10	8	0.38045678	-0.057940654	0.9959521	3.1838598	2.5827818	-2.1746116	0	15	0	1	0	0	833.9310108	1665.847469	68.11223	-.FQSVESGANNVVFIR.-	sp|Q99J36|THUM1_MOUSE	0.0136647555156459	0.03225806451612903	0.00398406374501992	0.002433463773208149
2023_05_31_mouse_tcell_100FC+PRTC_100fmol_100ng_60k_PRM_50cm_wtrap_01.mzml:1754.49:FNAHGDANTIVC[+57.0214635]NTK+3	1	13089	13.325502	2.156584	3.053232	6.7657394	6.4683857	0.001011594	0.00051	10	2	1.1578797	-0.86840975	0.9482946	3.34152	2.9166062	-1.8927662	0	15	0	0	1	0	554.5948614	1660.762755	29.241499	-.FNAHGDANTIVC[+57.0214635]NTK.-	sp|P16045|LEG1_MOUSE	0.0136549139874999	0.030303030303030304	0.00398406374501992	0.0024334637732081783
2023_05_31_mouse_tcell_100FC+PRTC_100fmol_100ng_60k_PRM_50cm_wtrap_01.mzml:4307.6836:FGDLDEQEFVYKEPAITK+3	1	31968	11.739408	1.8387849	2.0575638	5.179644	4.88132	0.010435828	0.005250526	10	6	1.4575719	-1.0931789	0.97038484	1.337719	1.337719	0.25341034	1	18	0	0	1	0	710.352758	2128.036445	71.79472	-.FGDLDEQEFVYKEPAITK.-	sp|Q8C147|DOCK8_MOUSE;sp|Q8R1A4|DOCK7_MOUSE	0.0136126949438919	0.02857142857142857	0.00398406374501992	0.0024334637732082117
2023_05_31_mouse_tcell_100FC+PRTC_100fmol_100ng_60k_PRM_50cm_wtrap_01.mzml:2452.4883:SENVEGTPAEDGAEPGSLR+2	1	18251	12.186098	1.7226838	3.6254742	6.6263347	6.3333726	0.003304103	0.001683027	9	6	0.566339	-0.42475426	0.9790336	2.9618347	2.393521	-1.4797921	0	19	0	1	0	0	957.9374158	1913.860279	40.874805	-.SENVEGTPAEDGAEPGSLR.-	sp|Q01320|TOP2A_MOUSE	0.013555590184299	0.02702702702702703	0.00398406374501992	0.002433463773208248
2023_05_31_mouse_tcell_100FC+PRTC_100fmol_100ng_60k_PRM_50cm_wtrap_01.mzml:2558.6565:LLTTQSEDTQGPGLK+2	1	19036	10.827372	1.9329106	3.1569128	6.2218513	5.930697	0.004127273	0.0021111	8	6	0.14549905	0.026774673	0.9971855	3.2500274	2.537016	0.040396214	0	15	0	1	0	0	794.4148608	1586.815169	42.644276	-.LLTTQSEDTQGPGLK.-	sp|O54824|IL16_MOUSE	0.0131522803953739	0.02564102564102564	0.00398406374501992	0.002433463773208285
2023_05_31_mouse_tcell_100FC+PRTC_100fmol_100ng_60k_PRM_50cm_wtrap_01.mzml:5206.5137:NSSYFVEWIPNNVK+2	1	38607	13.521357	1.9020793	3.2669315	6.9615936	6.663809	0.004396583	0.002214779	10	3	0.24807553	0.07458455	0.9975036	3.1122189	2.586407	-2.0325851	0	14	0	1	0	0	848.9201068	1695.825661	86.77523	-.NSSYFVEWIPNNVK.-	sp|P68372|TBB4B_MOUSE;sp|P99024|TBB5_MOUSE;sp|Q7TMM9|TBB2A_MOUSE;sp|Q922F4|TBB6_MOUSE;sp|Q9CWF2|TBB2B_MOUSE;sp|Q9D6F9|TBB4A_MOUSE;sp|Q9ERD7|TBB3_MOUSE	0.0130732471187929	0.024390243902439025	0.00398406374501992	0.002433463773208321
2023_05_31_mouse_tcell_100FC+PRTC_100fmol_100ng_60k_PRM_50cm_wtrap_01.mzml:3251.1265:VFPNGLASQEGTIQK+2	1	24157	9.825078	2.0061111	2.0447748	5.2195573	4.928403	0.002096142	0.001072177	8	4	1.9571403	-1.4198384	0.72266495	3.2346706	3.2346706	-1.3804948	0	15	0	1	0	0	794.9201128	1587.825673	54.18544	-.VFPNGLASQEGTIQK.-	sp|O54824|IL16_MOUSE	0.0127833278185839	0.023255813953488372	0.00398406374501992	0.002433463773208355
2023_05_31_mouse_tcell_100FC+PRTC_100fmol_100ng_60k_PRM_50cm_wtrap_01.mzml:2104.176:VRPEIINESGNPSYK+3	1	15675	12.135002	1.8748801	2.405704	5.575239	5.276807	0.002791106	0.001403926	10	1	1.3472885	-1.0104663	0.0	10.0	10.0	-2.1527362	0	15	0	0	1	0	568.296806	1701.868589	35.0696	-.VRPEIINESGNPSYK.-	sp|Q9CQU0|TXD12_MOUSE	0.0125204018385419	0.022222222222222223	0.00398406374501992	0.002433463773208384
2023_05_31_mouse_tcell_100FC+PRTC_100fmol_100ng_60k_PRM_50cm_wtrap_01.mzml:2952.6672:SQWEALC[+57.0214635]DSSAAR+2	1	21950	12.341184	2.1304872	2.7544675	5.78142	5.4827724	0.001014584	0.00051	10	7	0.4168885	0.1878643	0.6216457	2.71624	-2.696865	-2.0143526	0	13	0	1	0	0	740.8278973	1479.641242	49.21112	-.SQWEALC[+57.0214635]DSSAAR.-	sp|P13379|CD5_MOUSE	0.0124941499047999	0.02127659574468085	0.00398406374501992	0.002433463773208407
2023_05_31_mouse_tcell_100FC+PRTC_100fmol_100ng_60k_PRM_50cm_wtrap_01.mzml:4259.6396:KVVEPELMGTPDGPC[+57.0214635]YPAPPVPR+3	1	31613	12.339201	1.8923688	3.9801128	5.779437	5.487007	0.001466872	0.000748	10	10	0.84384227	-0.6328817	0.9804619	1.5361189	1.5361189	-1.4280322	1	23	0	0	1	0	836.087142	2505.239597	70.993996	-.KVVEPELMGTPDGPC[+57.0214635]YPAPPVPR.-	sp|B2RQC6|PYR1_MOUSE	0.012383986909	0.02040816326530612	0.00398406374501992	0.002433463773208422
2023_05_31_mouse_tcell_100FC+PRTC_100fmol_100ng_60k_PRM_50cm_wtrap_01.mzml:2632.339:NQLTSNPENTVFDAKR+3	1	19581	13.041893	1.9944873	3.517372	6.48213	6.1855288	0.007450013	0.003763187	10	3	0.45226693	-0.3392002	0.9832896	2.7995021	2.0223837	-1.7029818	1	16	0	0	1	0	611.9745064	1832.90169	43.87232	-.NQLTSNPENTVFDAKR.-	sp|P20029|BIP_MOUSE	0.0122671505125289	0.0196078431372549	0.00398406374501992	0.0024334637732084273
2023_05_31_mouse_tcell_100FC+PRTC_100fmol_100ng_60k_PRM_50cm_wtrap_01.mzml:4961.1846:AILVDLEPGTMDSVR+2	1	36796	13.923508	2.090945	3.4835024	7.3637447	7.0660677	0.001807479	0.000911	10	7	0.19141482	0.13358961	0.9993658	3.4431198	2.7384193	-2.056383	0	15	0	1	0	0	808.4216308	1614.828709	82.68641	-.AILVDLEPGTMDSVR.-	sp|P99024|TBB5_MOUSE;sp|Q7TMM9|TBB2A_MOUSE;sp|Q9CWF2|TBB2B_MOUSE;sp|Q9ERD7|TBB3_MOUSE	0.012250480920285	0.018867924528301886	0.00398406374501992	0.0024334637732085318
2023_05_31_mouse_tcell_100FC+PRTC_100fmol_100ng_60k_PRM_50cm_wtrap_01.mzml:3396.8005:GINSNNLESQLQATQAAR+2	1	25234	12.471735	1.1168678	1.6518503	5.9119716	5.6190095	0.00065	0.000331	10	0	0.8667941	-0.6500956	0.92880845	0.7954763	0.6559664	-1.9272797	0	18	0	1	0	0	957.9850348	1913.955517	56.613342	-.GINSNNLESQLQATQAAR.-	sp|P52293|IMA1_MOUSE	0.0122160153686499	0.01818181818181818	0.00398406374501992	0.002433463773208824
2023_05_31_mouse_tcell_100FC+PRTC_100fmol_100ng_60k_PRM_50cm_wtrap_01.mzml:4612.2827:ELEEIVQPIISK+2	1	34219	13.403831	2.1674354	2.9801695	6.844067	6.5486465	0.003403075	0.001723657	10	6	0.26831782	0.19210884	0.99958885	3.6018589	2.904276	-1.7801023	0	12	0	1	0	0	699.3979498	1396.781347	76.871376	-.ELEEIVQPIISK.-	sp|P20029|BIP_MOUSE	0.0120570486554089	0.017543859649122806	0.00398406374501992	0.0024334637732092686
2023_05_31_mouse_tcell_100FC+PRTC_100fmol_100ng_60k_PRM_50cm_wtrap_01.mzml:3949.0334:VTSLTAC[+57.0214635]LVNQNLR+3	1	29317	13.788837	2.0271125	2.889183	6.187681	5.8898964	0.003057261	0.001540095	11	3	0.7676423	-0.57573175	0.9890904	3.5729046	2.6712015	-2.3146424	0	14	0	0	1	0	530.2873687	1587.840277	65.81722	-.VTSLTAC[+57.0214635]LVNQNLR.-	sp|P01831|THY1_MOUSE	0.0119779782880149	0.01694915254237288	0.00398406374501992	0.0024334637732098324
2023_05_31_mouse_tcell_100FC+PRTC_100fmol_100ng_60k_PRM_50cm_wtrap_01.mzml:4672.6943:AVLVDLEPGTMDSVR+2	1	34665	13.709545	2.0741143	3.790255	7.149782	6.851782	0.001630504	0.000821	10	7	0.58139056	0.4360429	0.9991861	3.6961994	3.025711	-1.8422122	0	15	0	1	0	0	801.4138058	1600.813059	77.87824	-.AVLVDLEPGTMDSVR.-	sp|P68372|TBB4B_MOUSE;sp|Q9D6F9|TBB4A_MOUSE	0.0119592684978	0.01639344262295082	0.00398406374501992	0.0024334637732104816
2023_05_31_mouse_tcell_100FC+PRTC_100fmol_100ng_60k_PRM_50cm_wtrap_01.mzml:2267.1023:EIVHIQAGQC[+57.0214635]GNQIGAK+3	1	16880	13.487317	1.7983968	4.625023	6.9275537	6.453095	0.001998803	0.000631	10	0	0.33460155	-0.10334008	0.998388	3.0880232	2.4487813	-0.12817073	0	17	0	0	1	0	608.312466	1821.915569	37.785038	-.EIVHIQAGQC[+57.0214635]GNQIGAK.-	sp|P99024|TBB5_MOUSE;sp|Q7TMM9|TBB2A_MOUSE;sp|Q9CWF2|TBB2B_MOUSE;sp|Q9ERD7|TBB3_MOUSE	0.0115616565556249	0.015873015873015872	0.00398406374501992	0.0024334637732111807
2023_05_31_mouse_tcell_100FC+PRTC_100fmol_100ng_60k_PRM_50cm_wtrap_01.mzml:2267.1023:EIVHLQAGQC[+57.0214635]GNQIGAK+3	1	16880	13.487317	1.7983968	4.625023	6.9275537	6.453095	0.001998803	0.000631	10	0	0.33460155	-0.10334008	0.998388	3.0880232	2.4487813	-0.12817073	0	17	0	0	1	0	608.312466	1821.915569	37.785038	-.EIVHLQAGQC[+57.0214635]GNQIGAK.-	sp|P68372|TBB4B_MOUSE;sp|Q9D6F9|TBB4A_MOUSE	0.0115616565556249	0.015384615384615385	0.00398406374501992	0.0024334637732118976
2023_05_31_mouse_tcell_100FC+PRTC_100fmol_100ng_60k_PRM_50cm_wtrap_01.mzml:4560.0527:GQNEDPGSLLTQFR+2	1	33833	12.067893	2.0301404	3.4028926	6.5081296	6.2104526	0.003432565	0.001729584	9	5	0.43927753	-0.32945815	0.9995908	3.2169669	2.9422407	-2.140151	0	14	0	1	0	0	781.3838943	1560.753236	76.00088	-.GQNEDPGSLLTQFR.-	sp|P10852|4F2_MOUSE	0.0115072115666029	0.014925373134328358	0.00398406374501992	0.002433463773212597
2023_05_31_mouse_tcell_100FC+PRTC_100fmol_100ng_60k_PRM_50cm_wtrap_01.mzml:3473.4739:MIEEAGAIISTR+2	1	25801	12.445707	2.2049289	2.967621	5.885944	5.591059	0.000649	0.000329	10	7	1.0731853	-0.804889	0.8027972	0.13109155	0.13109155	-1.1207011	0	12	0	1	0	0	645.8397453	1289.664938	57.89123	-.MIEEAGAIISTR.-	sp|Q91V12|BACH_MOUSE	0.0114540455830999	0.014492753623188406	0.00398406374501992	0.002433463773213246
2023_05_31_mouse_tcell_100FC+PRTC_100fmol_100ng_60k_PRM_50cm_wtrap_01.mzml:5658.0366:LLGATELPIVTPALR+2	1	41937	12.590219	1.9521283	3.2227597	6.030455	5.715967	0.00334787	0.001625271	10	9	0.27236453	-0.14667778	0.99783385	3.9015121	3.6031578	-1.2448764	0	15	0	1	0	0	782.4770668	1562.939581	94.30061	-.LLGATELPIVTPALR.-	sp|P52293|IMA1_MOUSE	0.0113862703746519	0.014084507042253521	0.00398406374501992	0.0024334637732138097
2023_05_31_mouse_tcell_100FC+PRTC_100fmol_100ng_60k_PRM_50cm_wtrap_01.mzml:4673.4956:YGFIEGNVVIPR+2	1	34671	12.431182	2.2352023	3.1587977	5.8714185	5.5730944	0.001095318	0.000551	10	10	0.9141099	0.0801196	0.96863604	2.6541233	-0.03822295	-1.5596611	0	12	0	1	0	0	682.3720653	1362.729578	77.891594	-.YGFIEGNVVIPR.-	sp|P15379|CD44_MOUSE	0.01118123682154	0.0136986301369863	0.00398406374501992	0.0024334637732142546
2023_05_31_mouse_tcell_100FC+PRTC_100fmol_100ng_60k_PRM_50cm_wtrap_01.mzml:3191.8926:YQEVTNNLEFAK+2	1	23719	12.897213	1.7520742	2.3701124	6.337449	6.0395565	0.006023115	0.003033391	10	5	0.5143724	0.29434913	0.9968812	3.9230201	2.2258303	-1.871124	0	12	0	1	0	0	728.3593518	1454.704151	53.198208	-.YQEVTNNLEFAK.-	sp|Q60865|CAPR1_MOUSE	0.0111568190355769	0.013333333333333334	0.00398406374501992	0.002433463773214546
2023_05_31_mouse_tcell_100FC+PRTC_100fmol_100ng_60k_PRM_50cm_wtrap_01.mzml:1261.3104:AAADDGEEPKSEPETK+3	1	9443	11.031397	1.74308	1.0887078	5.471633	5.1738477	0.010081099	0.005078354	9	6	0.86304086	0.10562307	0.90847754	2.0203996	2.0203996	-0.85458946	1	16	0	0	1	0	558.5882064	1672.74279	21.021841	-.AAADDGEEPKSEPETK.-	sp|P28352|APEX1_MOUSE	0.0109623335802129	0.012987012987012988	0.00398406374501992	0.002433463773214651
2023_05_31_mouse_tcell_100FC+PRTC_100fmol_100ng_60k_PRM_50cm_wtrap_01.mzml:2284.431:ENSSFSLAGNQQTR+2	1	17008	11.46966	1.7096803	2.8267071	5.9098964	5.611896	0.000342	0.000172	9	7	0.63377327	-0.47532994	0.90810734	1.5451736	-1.172415	-1.5848043	0	14	0	1	0	0	769.8633253	1537.712098	38.07385	-.ENSSFSLAGNQQTR.-	sp|O35892|SP100_MOUSE	0.0105771085138999	0.012658227848101266	0.00398406374501992	0.0024334637732152365
2023_05_31_mouse_tcell_100FC+PRTC_100fmol_100ng_60k_PRM_50cm_wtrap_01.mzml:5404.336:LFTPMDFEIEGNC[+57.0214635]EK+2	1	40066	9.670551	1.5378453	1.879384	5.065031	4.766815	0.003249396	0.001635259	8	8	1.5562927	-0.6629573	0.66247416	0.30454314	-0.30454314	-0.8248689	0	15	0	1	0	0	915.4078633	1828.801174	90.072266	-.LFTPMDFEIEGNC[+57.0214635]EK.-	sp|O35892|SP100_MOUSE	0.010576344532248	0.012345679012345678	0.00398406374501992	0.0024334637732168667
2023_05_31_mouse_tcell_100FC+PRTC_100fmol_100ng_60k_PRM_50cm_wtrap_01.mzml:2639.915:LQLVPGHEGLR+3	1	19637	12.648375	1.8924983	1.9664266	6.088611	5.789423	0.002817359	0.001414666	10	5	0.65341896	-0.4900642	0.98273945	4.497036	3.8561594	-1.6965466	0	11	0	0	1	0	406.9032954	1217.688057	43.998585	-.LQLVPGHEGLR.-	sp|P13379|CD5_MOUSE	0.0105418203423969	0.012048192771084338	0.00398406374501992	0.0024334637732193513
2023_05_31_mouse_tcell_100FC+PRTC_100fmol_100ng_60k_PRM_50cm_wtrap_01.mzml:3193.796:IVAPGKGILAADESTGSIAK+3	1	23733	13.396577	1.9683722	4.17421	6.8368134	6.5408564	0.003952432	0.001999436	10	1	0.36444584	-0.27333438	0.9990127	2.495374	1.7744719	-2.0137525	1	20	0	0	1	0	633.3579577	1897.052044	53.22993	-.IVAPGKGILAADESTGSIAK.-	sp|P05064|ALDOA_MOUSE	0.010520538121332	0.011764705882352941	0.00398406374501992	0.0024334637732225
2023_05_31_mouse_tcell_100FC+PRTC_100fmol_100ng_60k_PRM_50cm_wtrap_01.mzml:1348.3018:GKVEADEEPSAVR+2	1	10086	9.700918	1.5391551	2.014942	5.0953975	4.797397	0.007076378	0.003562956	8	3	1.0100491	-0.08502385	0.0	10.0	10.0	0.40677547	1	13	0	1	0	0	693.8466128	1385.678673	22.471697	-.GKVEADEEPSAVR.-	sp|E9PVX6|KI67_MOUSE	0.010502433318682	0.011494252873563218	0.00398406374501992	0.0024334637732261245
2023_05_31_mouse_tcell_100FC+PRTC_100fmol_100ng_60k_PRM_50cm_wtrap_01.mzml:3968.108:IMNTFSVVPSPK+2	1	29458	13.94026	2.2367961	3.1824346	7.3804965	7.082388	0.008409409	0.004233086	10	4	0.97492003	0.73119	0.9621715	1.9849722	1.7839205	-2.1690826	0	12	0	1	0	0	660.3550308	1318.695509	66.13513	-.IMNTFSVVPSPK.-	sp|P68372|TBB4B_MOUSE;sp|P99024|TBB5_MOUSE;sp|Q9D6F9|TBB4A_MOUSE;sp|Q9ERD7|TBB3_MOUSE	0.0100030209137369	0.011235955056179775	0.00398406374501992	0.0024334637732300337
2023_05_31_mouse_tcell_100FC+PRTC_100fmol_100ng_60k_PRM_50cm_wtrap_01.mzml:2296.8513:ISAASEEEAVGNGAATPK+2	1	17100	9.479357	1.5663093	1.7744354	4.8738356	4.5752954	0.013661087	0.006869819	8	7	1.5815016	-0.57913977	0.0	10.0	10.0	-0.98812604	0	18	0	1	0	0	851.4181308	1700.821709	38.280857	-.ISAASEEEAVGNGAATPK.-	sp|E9Q394|AKP13_MOUSE	0.0099962714264929	0.01098901098901099	0.00398406374501992	0.002433463773234038
2023_05_31_mouse_tcell_100FC+PRTC_100fmol_100ng_60k_PRM_50cm_wtrap_01.mzml:2114.5898:EAESSPFVER+2	1	15752	12.4067	2.1438608	2.4679027	6.8469367	6.5483966	0.002529316	0.00127193	9	2	0.80227447	-0.60170585	0.9783737	1.1645241	0.29026377	-2.2535686	0	10	0	1	0	0	575.7723848	1149.530217	35.243164	-.EAESSPFVER.-	sp|P08113|ENPL_MOUSE	0.0099938737072799	0.010752688172043012	0.00398406374501992	0.0024334637732379466
2023_05_31_mouse_tcell_100FC+PRTC_100fmol_100ng_60k_PRM_50cm_wtrap_01.mzml:3414.6582:SKESVPDFPLSPPK+3	1	25366	13.376333	1.899608	2.776584	6.8165693	6.5109577	0.005315954	0.002462164	10	2	0.2262453	0.16968398	0.99239045	2.96997	2.96997	-2.2616243	1	14	0	0	1	0	509.9399627	1526.798059	56.91097	-.SKESVPDFPLSPPK.-	sp|P54227|STMN1_MOUSE	0.0099900842615679	0.010526315789473684	0.00398406374501992	0.002433463773241571
2023_05_31_mouse_tcell_100FC+PRTC_100fmol_100ng_60k_PRM_50cm_wtrap_01.mzml:2859.0918:GILAADESTGSIAK+2	1	21258	14.543939	1.8568528	3.1391952	7.984175	7.686606	0.000648	0.000326	10	5	1.2672387	0.9504291	0.99973845	3.82001	3.2347953	0.13598466	0	14	0	1	0	0	666.8539068	1331.693261	47.65153	-.GILAADESTGSIAK.-	sp|P05064|ALDOA_MOUSE	0.0099857048925899	0.010309278350515464	0.00398406374501992	0.0024334637732447203
2023_05_31_mouse_tcell_100FC+PRTC_100fmol_100ng_60k_PRM_50cm_wtrap_01.mzml:4740.415:QINPTLGSQEDFKDLLQSAK+3	1	35165	12.246955	1.5238347	2.3674378	5.6871915	5.391235	0.006993574	0.003537874	10	0	1.427999	0.49767327	0.969584	0.9750264	0.9750264	-1.7997577	1	20	0	0	1	0	744.7217357	2231.143378	79.00692	-.QINPTLGSQEDFKDLLQSAK.-	sp|P10852|4F2_MOUSE	0.0099645094160279	0.010101010101010102	0.00398406374501992	0.002433463773247205
2023_05_31_mouse_tcell_100FC+PRTC_100fmol_100ng_60k_PRM_50cm_wtrap_01.mzml:1622.0675:ESTDVEPGVGR+2	1	12110	10.115415	1.3318967	1.5865135	5.509894	5.0844603	0.004294137	0.00198796	8	4	2.028764	-1.521573	0.0	10.0	10.0	5.1006966	0	11	0	1	0	0	573.2752923	1144.536032	27.034458	-.ESTDVEPGVGR.-	sp|Q8C147|DOCK8_MOUSE	0.0099075036925449	0.009900990099009901	0.00398406374501992	0.0024334637732488346
2023_05_31_mouse_tcell_100FC+PRTC_100fmol_100ng_60k_PRM_50cm_wtrap_01.mzml:1913.3611:VEIIANDQGNR+2	1	14264	14.101122	2.0895333	2.5712104	7.541358	7.24583	0.001642646	0.000832	10	7	1.3932662	1.0449497	0.99908173	4.5429654	3.9151413	-2.5460217	0	11	0	1	0	0	614.8176583	1227.620764	31.88935	-.VEIIANDQGNR.-	sp|P16627|HS71L_MOUSE;sp|P17156|HSP72_MOUSE;sp|P17879|HS71B_MOUSE;sp|P20029|BIP_MOUSE;sp|P63017|HSP7C_MOUSE;sp|Q61696|HS71A_MOUSE	0.0098117979558799	0.009708737864077669	0.00398406374501992	0.0024334637732494205
2023_05_31_mouse_tcell_100FC+PRTC_100fmol_100ng_60k_PRM_50cm_wtrap_01.mzml:3383.017:FTSFSVYC[+57.0214635]SR+2	1	25132	12.160529	1.6880066	1.7701744	5.6007657	5.3015776	0.011655616	0.005852576	10	0	2.3765976	-1.7824483	0.8056057	3.4880693	3.4880693	-1.010273	0	10	0	1	0	0	627.2846013	1252.55465	56.383617	-.FTSFSVYC[+57.0214635]SR.-	sp|P13864|DNMT1_MOUSE	0.0096987037415919	0.009523809523809525	0.00398406374501992	0.002433463773250866
2023_05_31_mouse_tcell_100FC+PRTC_100fmol_100ng_60k_PRM_50cm_wtrap_01.mzml:4848.125:ASGQAFELILSPR+2	1	35961	13.501406	2.0171747	3.362113	6.9416428	6.6439657	0.000863	0.000435	10	8	0.40569195	0.13202667	0.99985	3.5417945	3.1998403	-2.1502361	0	13	0	1	0	0	694.8802588	1387.745965	80.802086	-.ASGQAFELILSPR.-	sp|P54227|STMN1_MOUSE	0.0095998512997699	0.009345794392523364	0.00398406374501992	0.002433463773254914
2023_05_31_mouse_tcell_100FC+PRTC_100fmol_100ng_60k_PRM_50cm_wtrap_01.mzml:5441.034:GLPLVDDGGWNTVPISK+2	1	40337	10.6584835	1.7108821	3.336838	6.0529633	5.755717	0.013068372	0.00659136	8	5	0.86713046	-0.6503478	0.9977331	2.6031303	2.2498486	-1.308785	0	17	0	1	0	0	884.4674268	1766.920301	90.68391	-.GLPLVDDGGWNTVPISK.-	sp|Q6NZJ6|IF4G1_MOUSE	0.0092687478482199	0.009174311926605505	0.00398406374501992	0.002433463773261131
2023_05_31_mouse_tcell_100FC+PRTC_100fmol_100ng_60k_PRM_50cm_wtrap_01.mzml:3765.9028:GQNEDPGSLLTQFRR+3	1	27963	12.429149	1.2483681	0.6996429	5.8693852	5.5655932	0.00690228	0.002847805	10	3	1.4903898	-1.1177924	0.9763948	3.0869548	1.8867222	-0.4657755	1	15	0	0	1	0	573.2920587	1716.854347	62.76505	-.GQNEDPGSLLTQFRR.-	sp|P10852|4F2_MOUSE	0.00903872710646	0.009009009009009009	0.00398406374501992	0.0024334637732690827
2023_05_31_mouse_tcell_100FC+PRTC_100fmol_100ng_60k_PRM_50cm_wtrap_01.mzml:2729.5679:ADDGRPFPQVIK+3	1	20300	13.941477	1.8611777	1.7509332	7.381714	7.0836053	0.010214488	0.005141718	10	1	1.1830914	0.88731855	0.99992526	4.0126467	3.6083405	-2.4965749	0	12	0	0	1	0	448.2419767	1341.704101	45.492798	-.ADDGRPFPQVIK.-	sp|P05064|ALDOA_MOUSE	0.0088814821222659	0.008849557522123894	0.00398406374501992	0.0024334637732783353
2023_05_31_mouse_tcell_100FC+PRTC_100fmol_100ng_60k_PRM_50cm_wtrap_01.mzml:5622.7485:VLEVPPIVYLR+2	1	41677	10.578521	2.0515394	2.307834	5.973	5.673812	0.002446757	0.001228578	8	8	0.8521754	-0.63913155	0.99711204	3.4870358	2.703108	-1.317666	0	11	0	1	0	0	649.3975518	1296.780551	93.71248	-.VLEVPPIVYLR.-	sp|Q91V12|BACH_MOUSE	0.0088490278723909	0.008695652173913044	0.00398406374501992	0.0024334637732884557
2023_05_31_mouse_tcell_100FC+PRTC_100fmol_100ng_60k_PRM_50cm_wtrap_01.mzml:5136.9473:GTEPSALPFVDPNARPLAPEVSIK+3	1	38094	12.539229	1.094174	1.6273639	5.979466	5.687036	0.005298311	0.002702139	10	3	0.58870846	0.069522634	0.97991574	1.5175066	1.4403225	-1.3441837	0	24	0	0	1	0	835.7831064	2504.32749	85.61579	-.GTEPSALPFVDPNARPLAPEVSIK.-	sp|B2RQC6|PYR1_MOUSE	0.0085965871665369	0.008547008547008548	0.00398406374501992	0.0024334637732990093
2023_05_31_mouse_tcell_100FC+PRTC_100fmol_100ng_60k_PRM_50cm_wtrap_01.mzml:1942.5796:DPPGPQPQASSSIR+2	1	14480	9.80826	1.8243057	2.6588488	6.1058297	5.8105164	0.003000064	0.001519907	7	5	1.2033792	-0.90253437	0.9956158	3.56549	1.3657583	-1.9757137	0	14	0	1	0	0	718.8600548	1435.705557	32.376328	-.DPPGPQPQASSSIR.-	sp|O54824|IL16_MOUSE	0.0085954945447739	0.008403361344537815	0.00398406374501992	0.0024334637733095634
2023_05_31_mouse_tcell_100FC+PRTC_100fmol_100ng_60k_PRM_50cm_wtrap_01.mzml:2832.184:SGYLLPDTK+2	1	21059	13.539246	2.0837097	2.388521	6.9794827	6.6805105	0.005187987	0.002606315	10	5	0.40564552	-0.30423415	0.98480654	2.9422343	2.0186064	-1.7647492	0	9	0	1	0	0	497.2662033	992.5178537	47.203068	-.SGYLLPDTK.-	sp|P08113|ENPL_MOUSE	0.0084200842177449	0.008264462809917356	0.00398406374501992	0.002433463773319684
2023_05_31_mouse_tcell_100FC+PRTC_100fmol_100ng_60k_PRM_50cm_wtrap_01.mzml:1330.0764:ESKDPADETEAD+2	1	9951	10.522091	1.3825405	1.6573315	5.9165707	5.6185703	0.003606987	0.001816118	8	0	2.5549393	-1.3976308	0.9781851	2.8351305	2.8351305	-0.37323284	1	12	0	1	0	0	653.7676938	1305.520835	22.16794	-.ESKDPADETEAD.-	sp|P54227|STMN1_MOUSE	0.0082761461796709	0.008130081300813009	0.00398406374501992	0.0024334637733289368
2023_05_31_mouse_tcell_100FC+PRTC_100fmol_100ng_60k_PRM_50cm_wtrap_01.mzml:1606.0973:DREC[+57.0214635]ESYFK+2	1	11992	10.106262	1.7660904	2.5518746	6.4038315	6.1049676	0.005582271	0.002805091	7	3	0.19138335	-0.027699972	0.96974087	4.859119	4.859119	-2.2333474	1	9	0	1	0	0	617.2638658	1232.513179	26.768288	-.DREC[+57.0214635]ESYFK.-	sp|P04187|GRAB_MOUSE	0.0082548985753449	0.008	0.00398406374501992	0.0024334637733368883
2023_05_31_mouse_tcell_100FC+PRTC_100fmol_100ng_60k_PRM_50cm_wtrap_01.mzml:5279.7246:RPPGPPLPVTTDLAL+2	1	39147	8.352445	1.8545873	2.0729067	5.495112	5.197004	0.004873308	0.002453102	6	5	0.81206685	0.36561704	0.9969093	4.220211	3.0846746	-1.2902622	0	15	0	1	0	0	772.4457668	1542.876981	87.99541	-.RPPGPPLPVTTDLAL.-	sp|Q9JL26|FMNL1_MOUSE	0.008247228352924	0.007874015748031496	0.00398406374501992	0.002433463773343105
2023_05_31_mouse_tcell_100FC+PRTC_100fmol_100ng_60k_PRM_50cm_wtrap_01.mzml:5790.865:ATLWYVPLSLK+2	1	42916	11.192419	1.8362899	2.024512	5.632655	5.33777	0.01036864	0.005258197	9	8	0.7821336	0.2887301	0.9797043	3.8935578	2.6836226	-0.897027	0	11	0	1	0	0	645.8764523	1289.738352	96.51442	-.ATLWYVPLSLK.-	sp|Q91V12|BACH_MOUSE	0.007846310270124	0.007751937984496124	0.00398406374501992	0.0024334637733471535
2023_05_31_mouse_tcell_100FC+PRTC_100fmol_100ng_60k_PRM_50cm_wtrap_01.mzml:3558.4517:YPFTAQVDSPVK+2	1	26429	9.590871	1.4639674	2.1056032	4.98535	4.6865945	0.006198388	0.003115465	8	0	1.9607874	-1.4705906	0.93780166	2.8854764	1.1556561	-0.81877756	0	12	0	1	0	0	676.3482563	1350.68196	59.30753	-.YPFTAQVDSPVK.-	sp|P56203|CATW_MOUSE	0.0077628118681	0.007633587786259542	0.00398406374501992	0.002433463773348599
2023_05_31_mouse_tcell_100FC+PRTC_100fmol_100ng_60k_PRM_50cm_wtrap_01.mzml:3780.0007:FLLNNEIPK+2	1	28067	9.353081	1.4630582	1.9195424	5.6506495	5.348192	0.010582775	0.005209742	7	3	0.6506472	0.06931884	0.98300415	3.1365578	1.6323268	3.7572412	0	9	0	1	0	0	544.3109488	1086.607345	63.00001	-.FLLNNEIPK.-	sp|O89110|CASP8_MOUSE	0.0075753830058289	0.007518796992481203	0.00398406374501992	0.0024334637733511317
2023_05_31_mouse_tcell_100FC+PRTC_100fmol_100ng_60k_PRM_50cm_wtrap_01.mzml:1899.5663:FSESTPMGTSR+2	1	14162	11.321058	1.5602198	2.0147808	5.7612944	5.4624305	0.001226402	0.000616	9	0	1.6149144	-1.2111858	0.83032125	5.0376015	-5.0376015	-1.3813798	0	11	0	1	0	0	600.2716953	1198.528838	31.659437	-.FSESTPMGTSR.-	sp|Q9JL26|FMNL1_MOUSE	0.0075523034391	0.007407407407407408	0.00398406374501992	0.0024334637733581825
2023_05_31_mouse_tcell_100FC+PRTC_100fmol_100ng_60k_PRM_50cm_wtrap_01.mzml:5830.6577:LALGIPLPELR+2	1	43209	11.367228	1.76106	2.5579317	5.8074646	5.5116153	0.004396872	0.002224817	9	7	0.5468201	0.11534078	0.9927294	5.8873916	5.8873916	-0.52199507	0	11	0	1	0	0	596.3766238	1190.738695	97.17763	-.LALGIPLPELR.-	sp|B2RQC6|PYR1_MOUSE	0.0074337809463139	0.0072992700729927005	0.00398406374501992	0.00243346377336893
2023_05_31_mouse_tcell_100FC+PRTC_100fmol_100ng_60k_PRM_50cm_wtrap_01.mzml:4593.3403:LAVNMVPFPR+2	1	34079	13.999293	1.8762045	2.5732093	7.43953	7.145073	0.000818	0.000415	10	6	0.90190274	0.67642707	0.99877226	4.999864	3.996971	-1.7620173	0	10	0	1	0	0	572.3207943	1142.627036	76.55567	-.LAVNMVPFPR.-	sp|A2AQ07|TBB1_MOUSE;sp|P68372|TBB4B_MOUSE;sp|P99024|TBB5_MOUSE;sp|Q7TMM9|TBB2A_MOUSE;sp|Q922F4|TBB6_MOUSE;sp|Q9CWF2|TBB2B_MOUSE;sp|Q9D6F9|TBB4A_MOUSE;sp|Q9ERD7|TBB3_MOUSE	0.0074268191453299	0.007194244604316547	0.00398406374501992	0.0024334637733825527
2023_05_31_mouse_tcell_100FC+PRTC_100fmol_100ng_60k_PRM_50cm_wtrap_01.mzml:3850.2036:GPLTSC[+57.0214635]DFDLR+2	1	28586	10.442909	1.8238289	2.8064847	5.837388	5.538416	0.001896792	0.000953	8	6	0.6328277	-0.4746208	0.81578356	2.441867	-2.441867	-1.2798309	0	11	0	1	0	0	640.8006203	1279.586688	64.17006	-.GPLTSC[+57.0214635]DFDLR.-	sp|Q8C147|DOCK8_MOUSE	0.0072542918186599	0.0070921985815602835	0.00398406374501992	0.002433463773398229
2023_05_31_mouse_tcell_100FC+PRTC_100fmol_100ng_60k_PRM_50cm_wtrap_01.mzml:3667.6968:KLAVNMVPFPR+3	1	27237	13.196913	1.4552574	1.8594142	6.637149	6.3386087	0.001566781	0.000788	10	6	0.31773987	-0.23830491	0.9930545	4.2400246	3.3896198	-1.8853142	1	11	0	0	1	0	424.581276	1270.721999	61.12828	-.KLAVNMVPFPR.-	sp|A2AQ07|TBB1_MOUSE;sp|P68372|TBB4B_MOUSE;sp|P99024|TBB5_MOUSE;sp|Q7TMM9|TBB2A_MOUSE;sp|Q922F4|TBB6_MOUSE;sp|Q9CWF2|TBB2B_MOUSE;sp|Q9D6F9|TBB4A_MOUSE;sp|Q9ERD7|TBB3_MOUSE	0.0069549495200149	0.006993006993006993	0.00398406374501992	0.0024334637734151378
2023_05_31_mouse_tcell_100FC+PRTC_100fmol_100ng_60k_PRM_50cm_wtrap_01.mzml:4532.8506:TFSNDIMLLK+2	1	33632	12.856813	1.7434018	2.1484003	7.2970505	6.9985104	0.006720433	0.003379538	9	1	0.59970766	0.44978076	0.99257004	4.777592	4.164654	-2.376448	0	10	0	1	0	0	591.3153743	1180.616196	75.54751	-.TFSNDIMLLK.-	sp|P04187|GRAB_MOUSE	0.006621512892121	0.006896551724137931	0.00398406374501992	0.0024334637734324564
2023_05_31_mouse_tcell_100FC+PRTC_100fmol_100ng_60k_PRM_50cm_wtrap_01.mzml:5595.613:EAVGDLLDAFK+2	1	41477	11.060577	1.8389828	2.3278322	5.500814	5.201842	0.003338029	0.001676942	9	9	0.7338593	0.28770024	0.9800906	4.467777	4.467777	-1.7370677	0	11	0	1	0	0	589.3086038	1176.602655	93.260216	-.EAVGDLLDAFK.-	sp|Q6NZJ6|IF4G1_MOUSE	0.0064322019614289	0.006802721088435374	0.00398406374501992	0.0024334637734493647
2023_05_31_mouse_tcell_100FC+PRTC_100fmol_100ng_60k_PRM_50cm_wtrap_01.mzml:1317.3513:AAATPESQEPQAK+2	1	9857	7.9353094	1.6745397	1.8102838	5.0779767	4.7646675	0.018626878	0.00887234	6	4	2.7202942	-0.6205349	0.0	10.0	10.0	0.17253637	0	13	0	1	0	0	664.3280568	1326.641561	21.955854	-.AAATPESQEPQAK.-	sp|P28667|MRP_MOUSE	0.00642432241576	0.006711409395973154	0.00398406374501992	0.002433463773465041
2023_05_31_mouse_tcell_100FC+PRTC_100fmol_100ng_60k_PRM_50cm_wtrap_01.mzml:5035.8:FDYYMPVIAGC[+57.0214635]R+2	1	37347	8.852385	1.305504	1.5122987	5.1499543	4.850982	0.01782121	0.00895293	7	5	0.71207476	-0.195092	0.0	10.0	10.0	0.027410984	0	12	0	1	0	0	746.3415898	1490.668627	83.93	-.FDYYMPVIAGC[+57.0214635]R.-	sp|P03958|ADA_MOUSE	0.0063821521306659	0.006622516556291391	0.00398406374501992	0.002433463773478664
2023_05_31_mouse_tcell_100FC+PRTC_100fmol_100ng_60k_PRM_50cm_wtrap_01.mzml:1969.088:YVVVSTPEK+2	1	14676	10.807743	1.6978827	2.0065687	6.202222	5.9100046	0.007945536	0.00405421	8	4	0.7731333	-0.57984996	0.96800834	4.7413774	4.1751027	-1.263186	0	9	0	1	0	0	511.2818533	1020.549154	32.818134	-.YVVVSTPEK.-	sp|P18572|BASI_MOUSE	0.0062952975471999	0.006535947712418301	0.00398406374501992	0.0024334637734894113
2023_05_31_mouse_tcell_100FC+PRTC_100fmol_100ng_60k_PRM_50cm_wtrap_01.mzml:4018.3186:NQALVELLQK+2	1	29829	10.711689	1.5165488	1.7957745	5.1519256	4.852521	0.011110811	0.005576238	9	1	1.3417534	-0.2371996	0.0	10.0	10.0	-1.2869651	0	10	0	1	0	0	578.3402383	1154.665924	66.97198	-.NQALVELLQK.-	sp|Q60875|ARHG2_MOUSE	0.006146975797971	0.0064516129032258064	0.00398406374501992	0.0024334637734964625
2023_05_31_mouse_tcell_100FC+PRTC_100fmol_100ng_60k_PRM_50cm_wtrap_01.mzml:1584.1799:MAELC[+57.0214635]DSPREQDSESR+3	1	11830	9.611698	0.9667827	0.8110928	5.006177	4.7067723	0.027280673	0.013691487	8	0	1.5333987	-0.8907083	0.0	10.0	10.0	-1.0970755	1	16	0	0	1	0	637.2720064	1908.79419	26.402998	-.MAELC[+57.0214635]DSPREQDSESR.-	sp|O89110|CASP8_MOUSE	0.0060228542977289	0.006369426751592357	0.00398406374501992	0.002433463773498995
2023_05_31_mouse_tcell_100FC+PRTC_100fmol_100ng_60k_PRM_50cm_wtrap_01.mzml:3593.4788:DLSLEEIQK+2	1	26688	11.096369	1.8113352	2.199005	6.4908476	6.1914434	0.004421756	0.002219169	8	3	0.94368106	0.7077608	0.9989403	4.813611	3.1840322	-1.9726627	0	9	0	1	0	0	537.7875038	1073.560455	59.89131	-.DLSLEEIQK.-	sp|P54227|STMN1_MOUSE;sp|P55821|STMN2_MOUSE	0.0059108147179479	0.006289308176100629	0.00398406374501992	0.0024334637735002203
2023_05_31_mouse_tcell_100FC+PRTC_100fmol_100ng_60k_PRM_50cm_wtrap_01.mzml:3661.488:LFIIQAC[+57.0214635]R+2	1	27191	11.911121	1.7939346	1.9370539	6.3513584	5.881131	0.002366829	0.000802	9	7	0.935926	-0.70194453	0.98288625	3.6347308	3.6347308	-1.6835735	0	8	0	1	0	0	510.7865878	1019.558623	61.0248	-.LFIIQAC[+57.0214635]R.-	sp|P70677|CASP3_MOUSE	0.0058887382320449	0.006211180124223602	0.00398406374501992	0.0024334637735036672
2023_05_31_mouse_tcell_100FC+PRTC_100fmol_100ng_60k_PRM_50cm_wtrap_01.mzml:3661.488:IFIIQAC[+57.0214635]R+2	1	27191	11.910741	1.7939346	1.9370539	6.3509774	5.8807497	0.002385251	0.000808	9	7	0.935926	-0.70194453	0.98288625	3.6347308	3.6347308	-1.6836812	0	8	0	1	0	0	510.7865878	1019.558623	61.0248	-.IFIIQAC[+57.0214635]R.-	sp|O08738|CASP6_MOUSE	0.005887203705595	0.006134969325153374	0.00398406374501992	0.0024334637735089933
2023_05_31_mouse_tcell_100FC+PRTC_100fmol_100ng_60k_PRM_50cm_wtrap_01.mzml:1524.0737:VGTQTFC[+57.0214635]SR+2	1	11386	11.245126	1.3522457	1.8555156	5.6853623	5.38639	0.003585061	0.001801045	9	0	2.2915218	-1.7186414	0.0	10.0	10.0	-1.5005109	0	9	0	1	0	0	528.2505668	1054.486581	25.401228	-.VGTQTFC[+57.0214635]SR.-	sp|Q3U7R1|ESYT1_MOUSE	0.0057616253898649	0.006060606060606061	0.00398406374501992	0.0024334637735158584
2023_05_31_mouse_tcell_100FC+PRTC_100fmol_100ng_60k_PRM_50cm_wtrap_01.mzml:3125.515:IC[+57.0214635]DFGLAR+2	1	23228	10.90658	1.7045134	1.7371814	6.301059	6.0015464	0.005214215	0.002616232	8	4	0.24474855	-0.16781193	0.8528344	6.8740053	6.8740053	-1.6304727	0	8	0	1	0	0	476.2394703	950.4643877	52.091915	-.IC[+57.0214635]DFGLAR.-	sp|O54949|NLK_MOUSE;sp|P05532|KIT_MOUSE;sp|P05622|PGFRB_MOUSE;sp|P26618|PGFRA_MOUSE;sp|P35917|VGFR3_MOUSE;sp|P35918|VGFR2_MOUSE;sp|P35969|VGFR1_MOUSE;sp|P63085|MK01_MOUSE;sp|Q00342|FLT3_MOUSE;sp|Q63844|MK03_MOUSE	0.0057367355233889	0.005988023952095809	0.00398406374501992	0.0024334637735239193
2023_05_31_mouse_tcell_100FC+PRTC_100fmol_100ng_60k_PRM_50cm_wtrap_01.mzml:5324.2837:SPQTPELVEALAFR+2	1	39476	8.885112	1.15385	1.712749	5.182681	4.883925	0.007801679	0.003921319	7	4	1.8038877	-0.98937476	0.7249161	5.5207615	5.5207615	-0.50691843	0	14	0	1	0	0	779.4172058	1556.819859	88.73806	-.SPQTPELVEALAFR.-	sp|Q6A0A9|F120A_MOUSE	0.0056854273624929	0.005917159763313609	0.00398406374501992	0.0024334637735328353
2023_05_31_mouse_tcell_100FC+PRTC_100fmol_100ng_60k_PRM_50cm_wtrap_01.mzml:5210.0225:QIPC[+57.0214635]IVSMLTK+2	1	38633	8.797977	1.6627152	1.6756763	5.095547	4.8006625	0.014912426	0.007562464	7	3	0.47631022	-0.08575709	0.9574793	2.1650872	2.1650872	-1.5568104	0	11	0	1	0	0	645.3514348	1288.688317	86.83371	-.QIPC[+57.0214635]IVSMLTK.-	sp|P70677|CASP3_MOUSE	0.0056312120322479	0.005847953216374269	0.00398406374501992	0.0024334637735422635
2023_05_31_mouse_tcell_100FC+PRTC_100fmol_100ng_60k_PRM_50cm_wtrap_01.mzml:4377.9165:ISEQFTAMFR+2	1	32487	12.453613	1.1879082	1.4419075	5.8938503	5.585129	0.017097607	0.007100564	10	0	1.2711664	-0.95337486	0.0	10.0	10.0	-0.9785032	0	10	0	1	0	0	615.3027988	1228.591045	72.96528	-.ISEQFTAMFR.-	sp|P68372|TBB4B_MOUSE;sp|P99024|TBB5_MOUSE;sp|Q7TMM9|TBB2A_MOUSE;sp|Q9CWF2|TBB2B_MOUSE;sp|Q9D6F9|TBB4A_MOUSE;sp|Q9ERD7|TBB3_MOUSE	0.0055088806315029	0.005780346820809248	0.00398406374501992	0.002433463773551863
2023_05_31_mouse_tcell_100FC+PRTC_100fmol_100ng_60k_PRM_50cm_wtrap_01.mzml:4073.0708:AILSTKPPGTFLLR+3	1	30234	11.21897	0.9127089	1.5559058	5.659207	5.361206	0.008841186	0.004451538	9	2	0.47503802	-0.3486256	0.92251366	1.6996146	0.6986567	1.1211224	0	14	0	0	1	0	505.30821	1512.902801	67.884514	-.AILSTKPPGTFLLR.-	sp|P42227|STAT3_MOUSE	0.005481180460906	0.005714285714285714	0.00398406374501992	0.0024334637735612913
2023_05_31_mouse_tcell_100FC+PRTC_100fmol_100ng_60k_PRM_50cm_wtrap_01.mzml:5442.1416:YFSSGPDRTVQFWEQDGIPVLSK+3	1	40345	7.8304195	0.638834	0.6625473	4.973087	4.656224	0.010341471	0.005115895	6	1	1.965731	-0.93427277	0.0	10.0	10.0	0.5944638	1	23	0	0	1	0	886.1062464	2655.29691	90.70236	-.YFSSGPDRTVQFWEQDGIPVLSK.-	sp|Q60837|I12R1_MOUSE	0.005414196186045	0.005649717514124294	0.00398406374501992	0.002433463773570207
2023_05_31_mouse_tcell_100FC+PRTC_100fmol_100ng_60k_PRM_50cm_wtrap_01.mzml:2735.242:LLEFQNDR+2	1	20342	11.041159	1.678311	1.8851985	6.4356384	6.1309514	0.012365388	0.006197029	8	5	0.6788847	-0.5091635	0.98526126	2.5903282	1.6454806	-1.0132604	0	8	0	1	0	0	517.7669058	1033.519259	45.587364	-.LLEFQNDR.-	sp|P29391|FRIL1_MOUSE	0.005291116109728	0.00558659217877095	0.00398406374501992	0.002433463773578268
2023_05_31_mouse_tcell_100FC+PRTC_100fmol_100ng_60k_PRM_50cm_wtrap_01.mzml:5793.979:SGPFGQIFRPDNFVFGQSGAGNNWAK+3	1	42939	9.407276	1.1756678	1.268525	5.704845	5.3774767	0.033538006	0.016135631	7	7	1.8922979	-0.56006753	0.573458	5.1228104	5.1228104	0.32421494	0	26	0	0	1	0	933.4526424	2797.336098	96.566315	-.SGPFGQIFRPDNFVFGQSGAGNNWAK.-	sp|P68372|TBB4B_MOUSE;sp|P99024|TBB5_MOUSE;sp|Q7TMM9|TBB2A_MOUSE;sp|Q9CWF2|TBB2B_MOUSE;sp|Q9D6F9|TBB4A_MOUSE	0.005216502199032	0.0055248618784530384	0.00398406374501992	0.002433463773585133
2023_05_31_mouse_tcell_100FC+PRTC_100fmol_100ng_60k_PRM_50cm_wtrap_01.mzml:1749.6168:MAELC[+57.0214635]DSPR+2	1	13053	11.083815	1.2914093	1.5253059	5.524051	5.2183337	0.004113688	0.002023499	9	0	1.5075921	-0.50836974	0.0	10.0	10.0	-2.3825498	0	9	0	1	0	0	539.7364343	1077.458316	29.16028	-.MAELC[+57.0214635]DSPR.-	sp|O89110|CASP8_MOUSE	0.0051963543153679	0.00546448087431694	0.00398406374501992	0.0024334637735904593
2023_05_31_mouse_tcell_100FC+PRTC_100fmol_100ng_60k_PRM_50cm_wtrap_01.mzml:5172.7397:LGDLLISQFSGSNAEQMR+2	1	38358	7.704184	1.1758664	1.4716474	4.8468513	4.547663	0.033512414	0.016827423	6	6	1.6380771	0.04200089	0.0	10.0	10.0	-1.3448033	0	18	0	1	0	0	983.4885643	1964.962576	86.212326	-.LGDLLISQFSGSNAEQMR.-	sp|Q60875|ARHG2_MOUSE	0.005174460172256	0.005405405405405406	0.00398406374501992	0.002433463773593906
2023_05_31_mouse_tcell_100FC+PRTC_100fmol_100ng_60k_PRM_50cm_wtrap_01.mzml:5524.7964:ALTVPELTQQMFDSK+2	1	40955	9.055981	1.3895212	1.8487481	5.35355	5.054686	0.022598004	0.011355497	7	6	1.1200424	-0.213157	0.9988262	2.03872	1.7892097	-2.4111524	0	15	0	1	0	0	854.4347388	1706.854925	92.07994	-.ALTVPELTQQMFDSK.-	sp|Q7TMM9|TBB2A_MOUSE;sp|Q9CWF2|TBB2B_MOUSE	0.0050272075967239	0.0053475935828877	0.00398406374501992	0.002433463773595131
2023_05_31_mouse_tcell_100FC+PRTC_100fmol_100ng_60k_PRM_50cm_wtrap_01.mzml:2838.6936:TQQVIPMVK+2	1	21107	12.889143	1.7576957	2.3618903	7.32938	7.030624	0.010756331	0.005406401	9	3	1.1352236	0.8514177	0.9777226	2.6262684	1.6296765	-1.6942304	0	9	0	1	0	0	522.2995283	1042.584504	47.31156	-.TQQVIPMVK.-	sp|P04187|GRAB_MOUSE	0.004896064007367	0.005291005291005291	0.00398406374501992	0.002433463773595262
2023_05_31_mouse_tcell_100FC+PRTC_100fmol_100ng_60k_PRM_50cm_wtrap_01.mzml:4190.7573:TNIIPVIEDAR+2	1	31104	12.295925	1.4095722	1.7869912	6.7361617	6.2633615	0.004359445	0.00146768	9	3	0.49085855	-0.36814392	0.97775096	1.8659382	0.84676856	-1.9411955	0	11	0	1	0	0	620.8484273	1239.682302	69.845955	-.TNIIPVIEDAR.-	sp|P35550|FBRL_MOUSE	0.004646214712785	0.005235602094240838	0.00398406374501992	0.0024334637735956297
2023_05_31_mouse_tcell_100FC+PRTC_100fmol_100ng_60k_PRM_50cm_wtrap_01.mzml:4190.7573:TNIIPVLEDAR+2	1	31104	12.295925	1.4095722	1.7869912	6.7361617	6.2633615	0.004359445	0.00146768	9	3	0.49085855	-0.36814392	0.97775096	1.8659382	0.84676856	-1.9411955	0	11	0	1	0	0	620.8484273	1239.682302	69.845955	-.TNIIPVLEDAR.-	sp|Q80WS3|FBLL1_MOUSE	0.004646214712785	0.0051813471502590676	0.00398406374501992	0.002433463773596194
2023_05_31_mouse_tcell_100FC+PRTC_100fmol_100ng_60k_PRM_50cm_wtrap_01.mzml:2380.2708:TILIEANR+2	1	17717	11.814671	1.4836599	1.9983121	6.2549067	5.955502	0.008645073	0.004338746	9	0	0.849608	-0.637206	0.0	10.0	10.0	-1.5396919	0	8	0	1	0	0	465.2743668	928.5341807	39.67118	-.TILIEANR.-	sp|Q9JL26|FMNL1_MOUSE	0.0044885314438569	0.005128205128205128	0.00398406374501992	0.0024334637735969164
2023_05_31_mouse_tcell_100FC+PRTC_100fmol_100ng_60k_PRM_50cm_wtrap_01.mzml:5391.98:MFLNDFLNDQNR+2	1	39975	9.549353	1.3292027	1.4625479	4.943832	4.647982	0.023415543	0.011848264	8	8	1.5755916	-0.7068109	0.73402244	2.30151	-2.30151	-1.0578909	0	12	0	1	0	0	763.8564573	1525.698362	89.86633	-.MFLNDFLNDQNR.-	sp|Q8JZK9|HMCS1_MOUSE	0.0043571550850029	0.005076142131979695	0.00398406374501992	0.002433463773597756
2023_05_31_mouse_tcell_100FC+PRTC_100fmol_100ng_60k_PRM_50cm_wtrap_01.mzml:4028.0337:LLTTIGKDLDFAK+3	1	29901	11.899143	1.2991076	1.1449475	5.33938	5.04181	0.02921969	0.014726725	10	2	1.0953693	-0.821527	0.75123805	2.7585292	-2.7585292	-1.3427963	1	13	0	0	1	0	478.9449374	1433.812983	67.133896	-.LLTTIGKDLDFAK.-	sp|Q6NZJ6|IF4G1_MOUSE	0.0040205004310999	0.005025125628140704	0.00398406374501992	0.002433463773598675
2023_05_31_mouse_tcell_100FC+PRTC_100fmol_100ng_60k_PRM_50cm_wtrap_01.mzml:2377.7004:FLYDDNQR+2	1	17698	10.517965	1.2420572	1.4363575	5.912445	5.6129327	0.003800069	0.001906684	8	1	1.8181173	-1.363588	0.8532014	3.2075438	-3.2075438	-1.3454723	0	8	0	1	0	0	535.7487088	1069.482865	39.62834	-.FLYDDNQR.-	sp|Q01320|TOP2A_MOUSE;sp|Q64511|TOP2B_MOUSE	0.003594233624453	0.004975124378109453	0.00398406374501992	0.0024334637735996334
2023_05_31_mouse_tcell_100FC+PRTC_100fmol_100ng_60k_PRM_50cm_wtrap_01.mzml:2054.261:WNIDSSC[+57.0214635]K+2	1	15306	9.967478	1.2826077	1.6731875	5.3619566	5.0639563	0.005747101	0.002893665	8	0	1.3058258	0.054853946	0.88073075	2.9255855	-2.9255855	-1.4439051	0	8	0	1	0	0	505.2240163	1008.43348	34.237682	-.WNIDSSC[+57.0214635]K.-	sp|Q62351|TFR1_MOUSE	0.0033004630621009	0.0049261083743842365	0.00398406374501992	0.0024334637736005914
2023_05_31_mouse_tcell_100FC+PRTC_100fmol_100ng_60k_PRM_50cm_wtrap_01.mzml:3175.6646:FC[+57.0214635]LSC[+57.0214635]IR+2	1	23599	9.469751	1.6595315	1.4833398	5.767321	5.469752	0.0189986	0.009519725	7	4	1.2127761	-0.9095821	0.96633404	3.568973	3.1023011	-1.377747	0	7	0	1	0	0	478.2280483	954.4415437	52.927742	-.FC[+57.0214635]LSC[+57.0214635]IR.-	sp|P13864|DNMT1_MOUSE	0.0031814222203399	0.004878048780487805	0.00398406374501992	0.0024334637736015104
2023_05_31_mouse_tcell_100FC+PRTC_100fmol_100ng_60k_PRM_50cm_wtrap_01.mzml:3884.935:ANC[+57.0214635]IDSTASAEAVFASEVKK+3	1	28843	10.7881975	0.6066107	1.1674055	5.228434	4.933014	0.014318995	0.007252572	9	0	1.1342986	0.74089813	0.66272795	3.0743754	3.0743754	-1.6216245	1	20	0	0	1	0	700.008888	2097.004835	64.74892	-.ANC[+57.0214635]IDSTASAEAVFASEVKK.-	sp|P35550|FBRL_MOUSE	0.0029510449754789	0.004830917874396135	0.00398406374501992	0.0024334637736023504
2023_05_31_mouse_tcell_100FC+PRTC_100fmol_100ng_60k_PRM_50cm_wtrap_01.mzml:2077.935:LTPEEIER+2	1	15481	10.725807	1.8186222	1.8532339	7.023376	6.7240796	0.019832175	0.009955753	7	6	0.28464043	-0.12524763	0.98937947	2.685636	1.0124187	-2.163994	0	8	0	1	0	0	493.7612893	985.5080257	34.63225	-.LTPEEIER.-	sp|P20029|BIP_MOUSE	0.0029401076150909	0.004784688995215311	0.00398406374501992	0.0024334637736030725
2023_05_31_mouse_tcell_100FC+PRTC_100fmol_100ng_60k_PRM_50cm_wtrap_01.mzml:1372.6335:GDSVSDNGSEAVR+2	1	10266	7.992644	1.0228586	1.0130724	5.135311	4.786259	0.05770723	0.021026293	6	1	0.67094666	-0.39761734	0.0	10.0	10.0	3.3714561	0	13	0	1	0	0	646.7892943	1291.564036	22.877226	-.GDSVSDNGSEAVR.-	sp|Q61823|PDCD4_MOUSE	0.002936485906666	0.004739336492890996	0.00398406374501992	0.002433463773603637
2023_05_31_mouse_tcell_100FC+PRTC_100fmol_100ng_60k_PRM_50cm_wtrap_01.mzml:3046.9436:QILGVIDK+2	1	22647	10.411949	1.4907953	1.869534	5.806429	5.5070243	0.004168243	0.002091937	8	4	1.2810515	-0.9607886	0.99099386	2.4062042	1.5147725	-1.1395948	0	8	0	1	0	0	443.2738358	884.5331187	50.782394	-.QILGVIDK.-	sp|Q60865|CAPR1_MOUSE	0.002805007218539	0.004694835680751174	0.00398406374501992	0.0024334637736040045
2023_05_31_mouse_tcell_100FC+PRTC_100fmol_100ng_60k_PRM_50cm_wtrap_01.mzml:3641.4639:AGC[+57.0214635]QVVAPSDMMDGRVEAIK+3	1	27043	7.736473	0.96644396	0.7065896	4.8791404	4.581032	0.0423047	0.021295128	6	0	2.0507355	-1.5380516	0.0	10.0	10.0	0.14176941	1	20	0	0	1	0	712.0078374	2133.001683	60.691063	-.AGC[+57.0214635]QVVAPSDMMDGRVEAIK.-	sp|P10518|HEM2_MOUSE	0.002603676703266	0.004651162790697674	0.00398406374501992	0.002433463773604136
2023_05_31_mouse_tcell_100FC+PRTC_100fmol_100ng_60k_PRM_50cm_wtrap_01.mzml:4386.565:LLSDLC[+57.0214635]GTVMSTNDVEK+2	1	32551	8.625611	0.36130556	0.5455195	4.9231806	4.626149	0.029078579	0.014673778	7	0	1.6708132	-0.99924564	0.0	10.0	10.0	-1.5152287	0	17	0	1	0	0	941.4502593	1880.885966	73.10941	-.LLSDLC[+57.0214635]GTVMSTNDVEK.-	sp|Q61823|PDCD4_MOUSE	0.0025953106208109	0.004608294930875576	0.00398406374501992	0.003901606216108824
2023_05_31_mouse_tcell_100FC+PRTC_100fmol_100ng_60k_PRM_50cm_wtrap_01.mzml:1816.8367:VETQNPSLSSPETK+2	1	13550	7.9938054	0.8719495	1.0633628	5.1364727	4.8378243	0.03164982	0.015911948	6	1	0.86656886	-0.6202251	0.0	10.0	10.0	-1.5297265	0	14	0	1	0	0	758.8781098	1515.741667	30.280611	-.VETQNPSLSSPETK.-	sp|E9Q394|AKP13_MOUSE	0.002289608573916	0.0045662100456621	0.00398406374501992	0.008056062932009672
2023_05_31_mouse_tcell_100FC+PRTC_100fmol_100ng_60k_PRM_50cm_wtrap_01.mzml:3457.9377:FFLQDPR+2	1	25686	11.794959	1.3585024	1.5281562	6.2351956	5.9360075	0.015259615	0.007662235	9	6	1.5191861	-1.1393896	0.9896802	2.7404084	-0.37348235	-0.7017379	0	7	0	1	0	0	461.7427028	921.4708527	57.632298	-.FFLQDPR.-	sp|Q3U7R1|ESYT1_MOUSE	0.0019832641386449	0.004524886877828055	0.00398406374501992	0.0145446553238868
2023_05_31_mouse_tcell_100FC+PRTC_100fmol_100ng_60k_PRM_50cm_wtrap_01.mzml:1675.2045:NMMAAC[+57.0214635]DPR+2	1	12503	10.998938	1.5296304	1.7487438	6.393417	6.094661	0.04015793	0.020184375	8	2	0.8214224	-0.07710524	0.43495485	3.2162147	3.2162147	-1.2909365	0	9	0	1	0	0	533.2173548	1064.420157	27.920074	-.NMMAAC[+57.0214635]DPR.-	sp|P68372|TBB4B_MOUSE;sp|P99024|TBB5_MOUSE;sp|Q7TMM9|TBB2A_MOUSE;sp|Q922F4|TBB6_MOUSE;sp|Q9CWF2|TBB2B_MOUSE;sp|Q9D6F9|TBB4A_MOUSE;sp|Q9ERD7|TBB3_MOUSE	0.0016932808777599	0.004484304932735426	0.00398406374501992	0.02303118463089715
2023_05_31_mouse_tcell_100FC+PRTC_100fmol_100ng_60k_PRM_50cm_wtrap_01.mzml:4329.8726:IIFDDFR+2	1	32132	9.485899	1.4076765	1.5482043	5.7834687	5.472696	0.010592257	0.004952887	7	7	1.2451043	-0.93382823	0.97317135	4.7200394	3.9030178	-1.5796361	0	7	0	1	0	0	463.2425353	924.4705177	72.16454	-.IIFDDFR.-	sp|P46978|STT3A_MOUSE	0.0006263228030489	0.0044444444444444444	0.00398406374501992	0.033179739924336316
2023_05_31_mouse_tcell_100FC+PRTC_100fmol_100ng_60k_PRM_50cm_wtrap_01.mzml:2385.677:IVGLQYK+2	1	17757	10.703333	1.3143488	1.6958604	6.0978127	5.7979755	0.019611504	0.009832718	8	3	0.8316528	-0.6237396	0.9817093	4.228634	3.987017	-1.4178298	0	7	0	1	0	0	410.7499923	819.4854317	39.761284	-.IVGLQYK.-	sp|Q01320|TOP2A_MOUSE;sp|Q64511|TOP2B_MOUSE	0.0005336459666559	0.004405286343612335	0.00398406374501992	0.04464121217232385
2023_05_31_mouse_tcell_100FC+PRTC_100fmol_100ng_60k_PRM_50cm_wtrap_01.mzml:3095.9026:DMGFTEEEFKR+3	1	23009	12.047453	0.6745204	0.86890966	5.4876895	5.15392	0.046036985	0.01706798	10	1	2.7276304	-1.2245235	0.9594284	5.0182066	5.0182066	-1.3605285	1	11	0	0	1	0	463.5432154	1387.607817	51.598377	-.DMGFTEEEFKR.-	sp|P03958|ADA_MOUSE	0.000325793514925	0.004366812227074236	0.00398406374501992	0.05704174426705847
2023_05_31_mouse_tcell_100FC+PRTC_100fmol_100ng_60k_PRM_50cm_wtrap_01.mzml:5945.0264:ILDIIGLPGEEDWPR+2	1	44053	6.8004913	0.8853223	1.1211983	4.7213097	4.4227695	0.055493414	0.02790625	5	5	1.0632758	-0.46206045	0.0	10.0	10.0	0.75532866	0	15	0	1	0	0	861.9566948	1721.898837	99.08377	-.ILDIIGLPGEEDWPR.-	sp|Q64261|CDK6_MOUSE	0.0001053576937399	0.004329004329004329	0.00398406374501992	0.06997321672858389
2023_05_31_mouse_tcell_100FC+PRTC_100fmol_100ng_60k_PRM_50cm_wtrap_01.mzml:1417.6731:EGVKFDESEK+2	1	10599	7.1686497	0.41267383	0.6702333	5.0894685	4.7906046	0.028712142	0.014427852	5	0	1.231893	0.48645124	0.33632234	1.648269	-1.648269	5.7035694	1	10	0	1	0	0	584.2800428	1166.545533	23.627886	-.EGVKFDESEK.-	sp|P08113|ENPL_MOUSE	-0.0001471385437859	0.004291845493562232	0.00398406374501992	0.08298619953660746
2023_05_31_mouse_tcell_100FC+PRTC_100fmol_100ng_60k_PRM_50cm_wtrap_01.mzml:3802.583:SFVLNLGK+2	1	28234	12.9588	1.313041	1.6281055	7.399037	7.1000648	0.006536954	0.003284002	9	6	1.164943	0.87370723	0.99008524	3.1567974	2.2903647	-2.3969598	0	8	0	1	0	0	439.2607278	876.5069027	63.376385	-.SFVLNLGK.-	sp|P16045|LEG1_MOUSE	-0.0006622088705959	0.00425531914893617	0.00398406374501992	0.09558609097257052
2023_05_31_mouse_tcell_100FC+PRTC_100fmol_100ng_60k_PRM_50cm_wtrap_01.mzml:1574.6897:YGC[+57.0214635]EGPSHGGLPGASSEK+3	1	11760	7.6780725	1.0321356	0.81545943	4.8207397	4.5248904	0.05001173	0.025305934	6	0	3.0966263	2.3224697	0.0	10.0	10.0	-1.5804819	0	18	0	0	1	0	597.265178	1788.773705	26.24483	-.YGC[+57.0214635]EGPSHGGLPGASSEK.-	sp|Q9WTK5|NFKB2_MOUSE	-0.001458380781852	0.004219409282700422	0.00398406374501992	0.10723338802585775
2023_05_31_mouse_tcell_100FC+PRTC_100fmol_100ng_60k_PRM_50cm_wtrap_01.mzml:1946.7867:SETMETEDVPTSSR+2	1	14511	7.9313564	0.47245356	0.49679512	6.551145	6.251524	0.01658675	0.008320329	4	1	0.5445525	0.262384	0.5798174	5.925737	-5.925737	-1.4795108	0	14	0	1	0	0	784.8408673	1567.667182	32.446445	-.SETMETEDVPTSSR.-	sp|Q62351|TFR1_MOUSE	-0.002356410227302	0.0041841004184100415	0.00398406374501992	0.11734913942497151
2023_05_31_mouse_tcell_100FC+PRTC_100fmol_100ng_60k_PRM_50cm_wtrap_01.mzml:4987.4595:MDSNTQGIENPGFETTPPFQGMPEAK+3	1	36990	5.6680436	0.83237344	0.57125866	4.2878323	3.990801	0.080244206	0.040493235	4	4	1.9840494	1.0558488	0.0	10.0	10.0	-0.25207043	0	26	0	0	1	0	941.7581927	2822.252749	83.12432	-.MDSNTQGIENPGFETTPPFQGMPEAK.-	sp|Q9D659|VISTA_MOUSE	-0.00332871867036	0.004149377593360996	0.00398406374501992	0.12532655294700185
2023_05_31_mouse_tcell_100FC+PRTC_100fmol_100ng_60k_PRM_50cm_wtrap_01.mzml:2618.6804:DSNWISKVEK+3	1	19480	7.4394474	0.54966766	0.5762069	4.5821147	4.282602	0.08719377	0.043749474	6	0	0.7867031	-0.46651366	0.534523	0.08631707	0.08631707	4.6952057	1	10	0	0	1	0	402.5435434	1204.608801	43.644672	-.DSNWISKVEK.-	sp|Q62351|TFR1_MOUSE	-0.0040853432910819	0.00411522633744856	0.00398406374501992	0.1305493904036182
2023_05_31_mouse_tcell_100FC+PRTC_100fmol_100ng_60k_PRM_50cm_wtrap_01.mzml:1960.1752:VC[+57.0214635]AGYFR+2	1	14610	9.663639	0.8421002	1.0151045	5.9612083	5.6613708	0.027491454	0.013783529	7	1	0.6664719	-0.4998539	0.41414842	3.4051669	-3.4051669	-1.2891006	0	7	0	1	0	0	436.7078018	871.4010507	32.669586	-.VC[+57.0214635]AGYFR.-	sp|P20334|TNR9_MOUSE	-0.0044621332649619	0.004081632653061225	0.00398406374501992	0.13241713488123455
2023_05_31_mouse_tcell_100FC+PRTC_100fmol_100ng_60k_PRM_50cm_wtrap_01.mzml:1474.4553:LEC[+57.0214635]EDIK+2	1	11019	10.9242	0.531204	0.76879543	6.318679	6.019058	0.06380127	0.032004315	8	0	0.37461373	-0.26641026	0.49492738	4.420106	-4.420106	1.3820429	0	7	0	1	0	0	453.7154933	905.4164337	24.574255	-.LEC[+57.0214635]EDIK.-	sp|E9PVX6|KI67_MOUSE	-0.00589119953808	0.004048582995951417	0.00398406374501992	0.14641540525420713
2023_05_31_mouse_tcell_100FC+PRTC_100fmol_100ng_60k_PRM_50cm_wtrap_01.mzml:2954.1367:QFMAETQFSSGEK+2	1	21961	6.5789795	0.93106425	0.91201794	4.4997983	4.1715913	0.124464385	0.05885867	5	0	3.4884396	0.22121322	0.0	10.0	10.0	1.4411936	0	13	0	1	0	0	745.3350243	1488.655496	49.23561	-.QFMAETQFSSGEK.-	sp|Q60865|CAPR1_MOUSE	-0.006934865352555	0.004016064257028112	0.00398406374501992	0.1877299102261544
2023_05_31_mouse_tcell_100FC+PRTC_100fmol_100ng_60k_PRM_50cm_wtrap_01.mzml:1745.6758:FVSNITR+2	1	13024	9.382368	0.61628425	0.91389346	5.679937	5.380208	0.08953657	0.04490259	7	0	0.7675274	-0.5160157	0.0	10.0	10.0	-0.6527662	0	7	0	1	0	0	418.7348773	835.4552017	29.094597	-.FVSNITR.-	sp|P13864|DNMT1_MOUSE	-0.0100126104609299	0.00398406374501992	0.00398406374501992	0.2577821803810528
2023_05_31_mouse_tcell_100FC+PRTC_100fmol_100ng_60k_PRM_50cm_wtrap_01.mzml:2645.7231:LEEALLR+2	1	19680	9.151417	0.80725867	1.0536736	5.4489856	5.149148	0.12021991	0.06027526	7	1	0.42832878	0.24211544	0.90379137	0.7367147	-0.7367147	-1.947362	0	7	0	1	0	0	422.2503603	842.4861677	44.095387	-.LEEALLR.-	sp|P97313|PRKDC_MOUSE;sp|Q8C147|DOCK8_MOUSE	-0.01419633869562	0.011857707509881422	0.011857707509881422	0.506813316995168
2023_05_31_mouse_tcell_100FC+PRTC_100fmol_100ng_60k_PRM_50cm_wtrap_01.mzml:1581.4723:DTPPQGEESHSGDGSTLETER+3	1	11810	5.228401	0.17699753	0.44573852	4.4502497	4.151602	0.20483552	0.10298106	3	0	0.7230212	0.26553473	0.0	10.0	10.0	-1.5227852	0	21	0	0	1	0	743.6561194	2227.946529	26.357872	-.DTPPQGEESHSGDGSTLETER.-	sp|Q8C156|CND2_MOUSE	-0.02160106917947	0.043137254901960784	0.043137254901960784	1.0
2023_05_31_mouse_tcell_100FC+PRTC_100fmol_100ng_60k_PRM_50cm_wtrap_01.mzml:1350.338:KTTGAAQEEDAC[+57.0214635]SC[+57.0214635]R+3	1	10101	4.1063447	0.30713925	0.8371838	3.8053145	3.5063424	0.45978278	0.2309834	2	0	3.4173453	-2.563009	0.0	10.0	10.0	-2.473414	1	15	0	0	1	0	561.9068884	1682.698836	22.505634	-.KTTGAAQEEDAC[+57.0214635]SC[+57.0214635]R.-	sp|P20334|TNR9_MOUSE	-0.0513491151341	0.5175097276264592	0.5175097276264592	1.0
2023_05_31_mouse_tcell_100FC+PRTC_100fmol_100ng_60k_PRM_50cm_wtrap_01.mzml:5685.6924:WASSLENLLEDPEGVQR+2	1	42141	3.7480834	0.25	0.24204783	3.7480834	3.4484625	0.72875416	0.36556134	1	1	1.2603033	-0.94522744	0.0	10.0	10.0	-2.5629792	0	17	0	1	0	0	971.9788863	1941.94322	94.76154	-.WASSLENLLEDPEGVQR.-	sp|Q9CQE5|RGS10_MOUSE	-0.07602365546639	0.7451737451737451	0.7451737451737451	1.0
2023_05_31_mouse_tcell_100FC+PRTC_100fmol_100ng_60k_PRM_50cm_wtrap_01.mzml:4815.634:EENADFGGAELPVVC[+57.0214635]GNAQGFLDKEK+3	1	35721	4.030502	0.094385825	0.19022287	4.030502	3.7325013	0.8743679	0.4402442	1	0	0.30550882	0.22913162	0.55683464	9.035083	-9.035083	-2.2813983	1	26	0	0	1	0	932.1044684	2793.291576	80.26057	-.EENADFGGAELPVVC[+57.0214635]GNAQGFLDKEK.-	sp|O35892|SP100_MOUSE	-0.09402671598071	0.7777777777777778	0.7718631178707225	1.0
2023_05_31_mouse_tcell_100FC+PRTC_100fmol_100ng_60k_PRM_50cm_wtrap_01.mzml:2610.9678:KSC[+57.0214635]C[+57.0214635]SC[+57.0214635]C[+57.0214635]PVGC[+57.0214635]SK+2	1	19423	3.786823	0.066016674	0.054422785	3.786823	3.495669	0.8815623	0.4509191	1	0	0.20159085	-0.15119314	0.0	10.0	10.0	-2.7092204	1	13	0	1	0	0	795.3035073	1588.592462	43.51613	-.KSC[+57.0214635]C[+57.0214635]SC[+57.0214635]C[+57.0214635]PVGC[+57.0214635]SK.-	sp|P02802|MT1_MOUSE	-0.094077431792325	0.7718631178707225	0.7718631178707225	1.0
2023_05_31_mouse_tcell_100FC+PRTC_100fmol_100ng_60k_PRM_50cm_wtrap_01.mzml:1407.2583:EKQDEQVGLPGK+2	1	10522	3.9205596	0.079367496	0.455204	3.9205596	3.6246028	1.0006163	0.50618684	1	0	0.13959305	-0.10469479	0.0	10.0	10.0	-3.0	1	12	0	1	0	0	664.3462493	1326.677946	23.454306	-.EKQDEQVGLPGK.-	sp|Q01320|TOP2A_MOUSE	-0.10875227281241	0.8415094339622642	0.8415094339622642	1.0
