id	Label	ScanNr	primary	xCorrLib	xCorrModel	LogDotProduct	logWeightedDotProduct	sumOfSquaredErrors	weightedSumOfSquaredErrors	numberOfMatchingPeaks	numberOfMatchingPeaksAboveThreshold	averageAbsFragmentDeltaMass	averageFragmentDeltaMasses	isotopeDotProduct	averageAbsParentDeltaMass	averageParentDeltaMass	eValue	numMissedCleavage	pepLength	charge1	charge2	charge3	charge4	precursorMz	precursorMass	RTinMin	sequence	Proteins	score	pyIsoPEP FDR	pyIsoPEP q-value from FDR	pyIsoPEP PEP
2023_05_31_mouse_tcell_10FC+PRTC_100fmol_100ng_60k_PRM_50cm_wtrap_01.mzml:2491.865:SENVEGTPAEDGAEPGSLR+2	1	18539	11.704789	1.5344875	2.5838	6.1450257	5.8520637	0.005523205	0.002813382	9	8	0.9311714	-0.69837856	0.93504053	2.71367	2.71367	-0.96779656	0	19	0	1	0	0	957.9374158	1913.860279	41.531082	-.SENVEGTPAEDGAEPGSLR.-	sp|Q01320|TOP2A_MOUSE	0.019135551927201	0.3333333333333333	0.006622516556291391	0.0012036656371829813
2023_05_31_mouse_tcell_10FC+PRTC_100fmol_100ng_60k_PRM_50cm_wtrap_01.mzml:1346.2024:ESKDPADETEAD+2	1	10070	10.613935	1.6171951	2.058897	6.0084143	5.710414	0.004080046	0.002054303	8	1	1.9533094	-0.8814435	0.8284126	2.6976447	2.6976447	-0.60476565	1	12	0	1	0	0	653.7676938	1305.520835	22.436707	-.ESKDPADETEAD.-	sp|P54227|STMN1_MOUSE	0.018477017268291	0.2	0.006622516556291391	0.0012036656371829813
2023_05_31_mouse_tcell_10FC+PRTC_100fmol_100ng_60k_PRM_50cm_wtrap_01.mzml:2870.8335:GILAADESTGSIAK+2	1	21340	13.95336	1.8435677	2.988621	7.3935957	7.0960264	0.000824	0.000416	10	5	0.73135275	0.54851454	0.9996747	3.820102	3.1128514	-1.8257711	0	14	0	1	0	0	666.8539068	1331.693261	47.847225	-.GILAADESTGSIAK.-	sp|P05064|ALDOA_MOUSE	0.01788028096725	0.14285714285714285	0.006622516556291391	0.0012036656371829813
2023_05_31_mouse_tcell_10FC+PRTC_100fmol_100ng_60k_PRM_50cm_wtrap_01.mzml:1333.8821:SC[+57.0214635]C[+57.0214635]SC[+57.0214635]C[+57.0214635]PVGC[+57.0214635]SK+2	1	9979	12.091964	2.0868027	2.6626616	6.5322003	6.2343073	0.001660047	0.000836	9	9	0.42077208	-0.08768949	0.9271713	2.1266508	0.8518592	-0.22536373	0	12	0	1	0	0	731.2560258	1460.497499	22.231367	-.SC[+57.0214635]C[+57.0214635]SC[+57.0214635]C[+57.0214635]PVGC[+57.0214635]SK.-	sp|P02802|MT1_MOUSE	0.017757025111929	0.1111111111111111	0.006622516556291391	0.0012036656371829813
2023_05_31_mouse_tcell_10FC+PRTC_100fmol_100ng_60k_PRM_50cm_wtrap_01.mzml:2530.421:AIGNIVTGTDEQTQK+2	1	18824	10.350229	1.7847638	2.5545053	5.744708	5.447354	0.008012156	0.00404013	8	7	2.231441	-0.17565647	0.0	10.0	10.0	1.4010186	0	15	0	1	0	0	787.9046603	1573.794768	42.173683	-.AIGNIVTGTDEQTQK.-	sp|P52293|IMA1_MOUSE	0.017544474317412	0.09090909090909091	0.006622516556291391	0.0012036656371829813
2023_05_31_mouse_tcell_10FC+PRTC_100fmol_100ng_60k_PRM_50cm_wtrap_01.mzml:1379.3167:VDQQVQDNENAPQR+2	1	10315	12.8131485	1.8641025	3.3979218	6.2533855	5.936449	0.002150102	0.001018018	10	9	0.2677286	-0.13206083	0.9493635	2.4813464	2.4813464	-0.29671288	0	14	0	1	0	0	820.8847898	1639.755027	22.988611	-.VDQQVQDNENAPQR.-	sp|E9PVX6|KI67_MOUSE	0.017465509662598	0.07692307692307693	0.006622516556291391	0.0012036656371829813
2023_05_31_mouse_tcell_10FC+PRTC_100fmol_100ng_60k_PRM_50cm_wtrap_01.mzml:1971.41:VEIIANDQGNR+2	1	14692	13.678381	2.0868757	2.5445948	7.118618	6.8230906	0.001773201	0.000898	10	8	1.0857357	-0.8143018	0.99985284	4.080583	3.0556648	-1.0581284	0	11	0	1	0	0	614.8176583	1227.620764	32.856834	-.VEIIANDQGNR.-	sp|P16627|HS71L_MOUSE;sp|P17156|HSP72_MOUSE;sp|P17879|HS71B_MOUSE;sp|P20029|BIP_MOUSE;sp|P63017|HSP7C_MOUSE;sp|Q61696|HS71A_MOUSE	0.0174129871846969	0.06666666666666667	0.006622516556291391	0.0012036656371829813
2023_05_31_mouse_tcell_10FC+PRTC_100fmol_100ng_60k_PRM_50cm_wtrap_01.mzml:1234.2499:AAADDGEEPKSEPETK+3	1	9243	12.152395	1.5933565	1.0583037	5.592632	5.294847	0.005279589	0.002659593	10	3	0.61175066	0.28283057	0.8787306	2.273531	2.273531	3.118619	1	16	0	0	1	0	558.5882064	1672.74279	20.570831	-.AAADDGEEPKSEPETK.-	sp|P28352|APEX1_MOUSE	0.0168759431387019	0.058823529411764705	0.006622516556291391	0.0012036656371829813
2023_05_31_mouse_tcell_10FC+PRTC_100fmol_100ng_60k_PRM_50cm_wtrap_01.mzml:2579.789:LLTTQSEDTQGPGLK+2	1	19189	10.286535	1.6928574	2.6276608	5.681015	5.3898606	0.005301168	0.002711548	8	8	1.1248854	-0.6013888	0.9913072	4.4781113	3.4577782	3.8196735	0	15	0	1	0	0	794.4148608	1586.815169	42.996483	-.LLTTQSEDTQGPGLK.-	sp|O54824|IL16_MOUSE	0.01655360876424	0.05263157894736842	0.006622516556291391	0.0012036656371829813
2023_05_31_mouse_tcell_10FC+PRTC_100fmol_100ng_60k_PRM_50cm_wtrap_01.mzml:2966.226:SQWEALC[+57.0214635]DSSAAR+2	1	22045	8.860069	1.1881458	1.2676449	5.157639	4.858991	0.029659731	0.01491143	7	3	1.1652925	-0.8739694	0.0	10.0	10.0	5.8158503	0	13	0	1	0	0	740.8278973	1479.641242	49.4371	-.SQWEALC[+57.0214635]DSSAAR.-	sp|P13379|CD5_MOUSE	0.0154538975933369	0.047619047619047616	0.006622516556291391	0.0012036656371829813
2023_05_31_mouse_tcell_10FC+PRTC_100fmol_100ng_60k_PRM_50cm_wtrap_01.mzml:3060.1404:EAAGEGPVLYEDPPDQK+2	1	22739	9.425458	1.5851778	2.4788454	5.723027	5.426103	0.023436371	0.011829509	7	7	1.1725981	-0.8794486	0.9079486	3.696883	3.696883	-0.63833284	0	17	0	1	0	0	907.9257848	1813.837017	51.00234	-.EAAGEGPVLYEDPPDQK.-	sp|P28352|APEX1_MOUSE	0.015421125507014	0.043478260869565216	0.006622516556291391	0.0012036656371829813
2023_05_31_mouse_tcell_10FC+PRTC_100fmol_100ng_60k_PRM_50cm_wtrap_01.mzml:2166.3408:EAESSPFVER+2	1	16133	12.03993	2.1552556	2.5948772	6.480167	6.181627	0.003627919	0.00182439	9	6	1.6712751	-1.2534564	0.9823386	2.3294735	1.6672246	-1.9317863	0	10	0	1	0	0	575.7723848	1149.530217	36.10568	-.EAESSPFVER.-	sp|P08113|ENPL_MOUSE	0.0153823059633729	0.04	0.006622516556291391	0.0012036656371829813
2023_05_31_mouse_tcell_10FC+PRTC_100fmol_100ng_60k_PRM_50cm_wtrap_01.mzml:2739.7305:ADDGRPFPQVIK+3	1	20371	13.434643	1.8872672	1.6124632	6.874879	6.5767703	0.008712289	0.004385548	10	3	0.99752694	-0.7481452	0.99742806	3.5368493	2.6786575	-1.7831738	0	12	0	0	1	0	448.2419767	1341.704101	45.662174	-.ADDGRPFPQVIK.-	sp|P05064|ALDOA_MOUSE	0.0150979562012569	0.037037037037037035	0.006622516556291391	0.0012036656371829813
2023_05_31_mouse_tcell_10FC+PRTC_100fmol_100ng_60k_PRM_50cm_wtrap_01.mzml:3970.3926:IMNTFSVVPSPK+2	1	29461	13.207916	2.1334841	2.936674	6.6481524	6.3500443	0.009859041	0.004962795	10	10	0.8025872	-0.6019404	0.9917921	4.455029	3.8280468	-1.5362222	0	12	0	1	0	0	660.3550308	1318.695509	66.17321	-.IMNTFSVVPSPK.-	sp|P68372|TBB4B_MOUSE;sp|P99024|TBB5_MOUSE;sp|Q9D6F9|TBB4A_MOUSE;sp|Q9ERD7|TBB3_MOUSE	0.014886280900602	0.034482758620689655	0.006622516556291391	0.0012036656371829813
2023_05_31_mouse_tcell_10FC+PRTC_100fmol_100ng_60k_PRM_50cm_wtrap_01.mzml:1370.1055:GKVEADEEPSAVR+2	1	10247	9.812883	1.8002036	2.4507158	5.207363	4.909363	0.009621588	0.00484447	8	8	0.78608936	-0.031644292	0.0	10.0	10.0	0.815814	1	13	0	1	0	0	693.8466128	1385.678673	22.83509	-.GKVEADEEPSAVR.-	sp|E9PVX6|KI67_MOUSE	0.0141818080607459	0.03225806451612903	0.006622516556291391	0.0012036656371829813
2023_05_31_mouse_tcell_10FC+PRTC_100fmol_100ng_60k_PRM_50cm_wtrap_01.mzml:1802.8291:FNAHGDANTIVC[+57.0214635]NTK+3	1	13446	13.031903	1.7391483	2.360785	6.47214	6.1747856	0.002057853	0.001037672	10	4	1.0080266	-0.75601995	0.9293227	2.0711896	0.77349776	-1.6004798	0	15	0	0	1	0	554.5948614	1660.762755	30.047152	-.FNAHGDANTIVC[+57.0214635]NTK.-	sp|P16045|LEG1_MOUSE	0.0127402579983469	0.030303030303030304	0.006622516556291391	0.0012036656371829813
2023_05_31_mouse_tcell_10FC+PRTC_100fmol_100ng_60k_PRM_50cm_wtrap_01.mzml:1639.7068:DREC[+57.0214635]ESYFK+2	1	12240	9.987799	1.6898385	2.487196	6.2853684	5.9865046	0.004872293	0.002448327	7	5	0.5520598	-0.41404486	0.97431064	2.0245817	1.9432437	-1.2586792	1	9	0	1	0	0	617.2638658	1232.513179	27.328447	-.DREC[+57.0214635]ESYFK.-	sp|P04187|GRAB_MOUSE	0.0127276163092019	0.02857142857142857	0.006622516556291391	0.0012036656371829813
2023_05_31_mouse_tcell_10FC+PRTC_100fmol_100ng_60k_PRM_50cm_wtrap_01.mzml:4591.3604:LAVNMVPFPR+2	1	34041	13.058535	2.001381	2.1358016	6.498771	6.204314	0.000555	0.000282	10	10	0.8341136	-0.4732554	0.9729489	2.717373	-0.06670666	-1.1910591	0	10	0	1	0	0	572.3207943	1142.627036	76.522675	-.LAVNMVPFPR.-	sp|A2AQ07|TBB1_MOUSE;sp|P68372|TBB4B_MOUSE;sp|P99024|TBB5_MOUSE;sp|Q7TMM9|TBB2A_MOUSE;sp|Q922F4|TBB6_MOUSE;sp|Q9CWF2|TBB2B_MOUSE;sp|Q9D6F9|TBB4A_MOUSE;sp|Q9ERD7|TBB3_MOUSE	0.0125289696895	0.02702702702702703	0.006622516556291391	0.0012036656371829813
2023_05_31_mouse_tcell_10FC+PRTC_100fmol_100ng_60k_PRM_50cm_wtrap_01.mzml:1632.9601:ESTDVEPGVGR+2	1	12190	9.242804	1.3123462	1.5279896	5.540373	5.091836	0.013239541	0.005291437	7	2	1.4351405	-1.0763553	0.8540933	9.729973	9.729973	4.1039524	0	11	0	1	0	0	573.2752923	1144.536032	27.216002	-.ESTDVEPGVGR.-	sp|Q8C147|DOCK8_MOUSE	0.0124105618384479	0.02564102564102564	0.006622516556291391	0.0012036656371829813
2023_05_31_mouse_tcell_10FC+PRTC_100fmol_100ng_60k_PRM_50cm_wtrap_01.mzml:2840.5027:SGYLLPDTK+2	1	21116	13.00024	1.8586805	2.0690942	6.4404764	6.1415043	0.007261727	0.00364811	10	6	1.5742007	-1.1806506	0.9791444	3.0338552	2.7853048	-0.54574466	0	9	0	1	0	0	497.2662033	992.5178537	47.341713	-.SGYLLPDTK.-	sp|P08113|ENPL_MOUSE	0.0123717768712089	0.024390243902439025	0.006622516556291391	0.0012036656371829813
2023_05_31_mouse_tcell_10FC+PRTC_100fmol_100ng_60k_PRM_50cm_wtrap_01.mzml:1534.5648:VGTQTFC[+57.0214635]SR+2	1	11463	11.236202	0.91882765	1.0981828	5.6764393	5.377467	0.001963149	0.000986	9	0	1.6344881	-1.2258661	0.87281996	0.77568084	-0.77568084	6.0994844	0	9	0	1	0	0	528.2505668	1054.486581	25.57608	-.VGTQTFC[+57.0214635]SR.-	sp|Q3U7R1|ESYT1_MOUSE	0.0123208950879729	0.023255813953488372	0.006622516556291391	0.0012036656371829813
2023_05_31_mouse_tcell_10FC+PRTC_100fmol_100ng_60k_PRM_50cm_wtrap_01.mzml:2325.9883:ENSSFSLAGNQQTR+2	1	17313	9.960943	1.5063391	1.6976786	5.355423	5.057422	0.005799837	0.002920218	8	8	1.7970247	-1.2370912	0.75963926	1.5635588	1.5635588	-1.0097642	0	14	0	1	0	0	769.8633253	1537.712098	38.76647	-.ENSSFSLAGNQQTR.-	sp|O35892|SP100_MOUSE	0.011792806083143	0.022222222222222223	0.006622516556291391	0.0012036656371829813
2023_05_31_mouse_tcell_10FC+PRTC_100fmol_100ng_60k_PRM_50cm_wtrap_01.mzml:2659.3672:NQLTSNPENTVFDAKR+3	1	19777	12.451181	1.6035959	2.156075	5.8914175	5.594816	0.008353163	0.004219391	10	6	1.7657834	-1.3243376	0.93740267	2.9241955	-0.03670883	-0.7116244	1	16	0	0	1	0	611.9745064	1832.90169	44.32279	-.NQLTSNPENTVFDAKR.-	sp|P20029|BIP_MOUSE	0.0117803264675939	0.02127659574468085	0.006622516556291391	0.0012036656371829813
2023_05_31_mouse_tcell_10FC+PRTC_100fmol_100ng_60k_PRM_50cm_wtrap_01.mzml:1994.9309:DPPGPQPQASSSIR+2	1	14866	9.373745	1.8249326	2.654346	5.6713142	5.376001	0.003046867	0.001543619	7	7	0.6988906	-0.52416795	0.774732	0.60605407	0.60605407	-1.1707287	0	14	0	1	0	0	718.8600548	1435.705557	33.248848	-.DPPGPQPQASSSIR.-	sp|O54824|IL16_MOUSE	0.0115945948850359	0.02040816326530612	0.006622516556291391	0.0012036656371829813
2023_05_31_mouse_tcell_10FC+PRTC_100fmol_100ng_60k_PRM_50cm_wtrap_01.mzml:3590.7173:DLSLEEIQK+2	1	26658	10.555526	1.8175484	2.0058773	5.950005	5.650601	0.004834276	0.002426202	8	6	0.29483572	-0.11410315	0.99771255	5.153771	3.751178	-0.91782236	0	9	0	1	0	0	537.7875038	1073.560455	59.845287	-.DLSLEEIQK.-	sp|P54227|STMN1_MOUSE;sp|P55821|STMN2_MOUSE	0.0111912422761179	0.0196078431372549	0.006622516556291391	0.0012036656371829813
2023_05_31_mouse_tcell_10FC+PRTC_100fmol_100ng_60k_PRM_50cm_wtrap_01.mzml:2309.0447:EIVHIQAGQC[+57.0214635]GNQIGAK+3	1	17188	12.829078	1.6627324	2.8093052	6.2693143	5.793656	0.001623467	0.000541	10	3	1.6514126	-1.2385595	0.93008333	0.82557124	-0.82557124	-1.6604304	0	17	0	0	1	0	608.312466	1821.915569	38.484077	-.EIVHIQAGQC[+57.0214635]GNQIGAK.-	sp|P99024|TBB5_MOUSE;sp|Q7TMM9|TBB2A_MOUSE;sp|Q9CWF2|TBB2B_MOUSE;sp|Q9ERD7|TBB3_MOUSE	0.0110761348482689	0.018867924528301886	0.006622516556291391	0.0012036656371829813
2023_05_31_mouse_tcell_10FC+PRTC_100fmol_100ng_60k_PRM_50cm_wtrap_01.mzml:2309.0447:EIVHLQAGQC[+57.0214635]GNQIGAK+3	1	17188	12.829078	1.6627324	2.8093052	6.2693143	5.793656	0.001623467	0.000541	10	3	1.6514126	-1.2385595	0.93008333	0.82557124	-0.82557124	-1.6604304	0	17	0	0	1	0	608.312466	1821.915569	38.484077	-.EIVHLQAGQC[+57.0214635]GNQIGAK.-	sp|P68372|TBB4B_MOUSE;sp|Q9D6F9|TBB4A_MOUSE	0.0110761348482689	0.01818181818181818	0.006622516556291391	0.0012036656371829813
2023_05_31_mouse_tcell_10FC+PRTC_100fmol_100ng_60k_PRM_50cm_wtrap_01.mzml:1844.5161:MAELC[+57.0214635]DSPR+2	1	13754	11.009642	0.9363075	1.1155602	5.449878	5.1415124	0.004722841	0.002358782	9	0	1.7956127	-1.1413981	0.0	10.0	10.0	-1.3745506	0	9	0	1	0	0	539.7364343	1077.458316	30.741936	-.MAELC[+57.0214635]DSPR.-	sp|O89110|CASP8_MOUSE	0.0105911362535829	0.017543859649122806	0.006622516556291391	0.0012036656371829813
2023_05_31_mouse_tcell_10FC+PRTC_100fmol_100ng_60k_PRM_50cm_wtrap_01.mzml:1326.7007:AAATPESQEPQAK+2	1	9926	8.009413	1.7445678	2.0679398	5.1520805	4.83754	0.018238671	0.008366957	6	6	0.9997507	-0.18273753	0.0	10.0	10.0	-1.2621956	0	13	0	1	0	0	664.3280568	1326.641561	22.111677	-.AAATPESQEPQAK.-	sp|P28667|MRP_MOUSE	0.010014762618968	0.01694915254237288	0.006622516556291391	0.0012036656371829813
2023_05_31_mouse_tcell_10FC+PRTC_100fmol_100ng_60k_PRM_50cm_wtrap_01.mzml:3209.5576:IVAPGKGILAADESTGSIAK+3	1	23843	12.353844	1.3341548	1.5541433	5.7940803	5.4981236	0.004321064	0.002185918	10	10	2.0861118	-1.5645839	0.0	10.0	10.0	2.5929613	1	20	0	0	1	0	633.3579577	1897.052044	53.492626	-.IVAPGKGILAADESTGSIAK.-	sp|P05064|ALDOA_MOUSE	0.009505705656102	0.01639344262295082	0.006622516556291391	0.0012036656371829813
2023_05_31_mouse_tcell_10FC+PRTC_100fmol_100ng_60k_PRM_50cm_wtrap_01.mzml:3134.556:IC[+57.0214635]DFGLAR+2	1	23289	10.373774	1.6370084	1.9028889	5.768253	5.4687405	0.011217777	0.005628519	8	4	0.6859126	0.411971	0.0	10.0	10.0	0.044862747	0	8	0	1	0	0	476.2394703	950.4643877	52.2426	-.IC[+57.0214635]DFGLAR.-	sp|O54949|NLK_MOUSE;sp|P05532|KIT_MOUSE;sp|P05622|PGFRB_MOUSE;sp|P26618|PGFRA_MOUSE;sp|P35917|VGFR3_MOUSE;sp|P35918|VGFR2_MOUSE;sp|P35969|VGFR1_MOUSE;sp|P63085|MK01_MOUSE;sp|Q00342|FLT3_MOUSE;sp|Q63844|MK03_MOUSE	0.00941496740141	0.015873015873015872	0.006622516556291391	0.0012036656371829813
2023_05_31_mouse_tcell_10FC+PRTC_100fmol_100ng_60k_PRM_50cm_wtrap_01.mzml:2023.4857:YVVVSTPEK+2	1	15077	10.404005	1.4941638	1.8592774	5.798485	5.506268	0.009978029	0.005091289	8	3	2.267441	-1.7005807	0.8577734	4.490402	-4.490402	0.11193848	0	9	0	1	0	0	511.2818533	1020.549154	33.724762	-.YVVVSTPEK.-	sp|P18572|BASI_MOUSE	0.0091561020025399	0.015384615384615385	0.006622516556291391	0.0012036656371829813
2023_05_31_mouse_tcell_10FC+PRTC_100fmol_100ng_60k_PRM_50cm_wtrap_01.mzml:2137.6428:LTPEEIER+2	1	15921	10.352626	1.8818914	2.0128157	6.650195	6.3508987	0.015659064	0.00786085	7	6	0.78306055	-0.5872954	0.9893796	3.6118166	1.8767931	-1.2166233	0	8	0	1	0	0	493.7612893	985.5080257	35.62738	-.LTPEEIER.-	sp|P20029|BIP_MOUSE	0.0088489394063679	0.014925373134328358	0.006622516556291391	0.0012036656371829813
2023_05_31_mouse_tcell_10FC+PRTC_100fmol_100ng_60k_PRM_50cm_wtrap_01.mzml:2744.6033:LLEFQNDR+2	1	20407	10.664434	1.4020497	1.762524	6.058913	5.7542243	0.012965893	0.006500197	8	4	1.3901757	-1.0426317	0.0	10.0	10.0	-1.1625547	0	8	0	1	0	0	517.7669058	1033.519259	45.74339	-.LLEFQNDR.-	sp|P29391|FRIL1_MOUSE	0.008811962710352	0.014492753623188406	0.006622516556291391	0.0012036656371829813
2023_05_31_mouse_tcell_10FC+PRTC_100fmol_100ng_60k_PRM_50cm_wtrap_01.mzml:4199.337:TNIIPVIEDAR+2	1	31151	10.677663	1.7640871	2.1358256	6.072142	5.5993423	0.009245873	0.003112777	8	8	0.89484423	-0.48214975	0.9709819	2.3567266	2.22234	-1.1361771	0	11	0	1	0	0	620.8484273	1239.682302	69.988945	-.TNIIPVIEDAR.-	sp|P35550|FBRL_MOUSE	0.008759044252952	0.014084507042253521	0.006622516556291391	0.0012036656371829813
2023_05_31_mouse_tcell_10FC+PRTC_100fmol_100ng_60k_PRM_50cm_wtrap_01.mzml:4199.337:TNIIPVLEDAR+2	1	31151	10.677663	1.7640871	2.1358256	6.072142	5.5993423	0.009245873	0.003112777	8	8	0.89484423	-0.48214975	0.9709819	2.3567266	2.22234	-1.1361771	0	11	0	1	0	0	620.8484273	1239.682302	69.988945	-.TNIIPVLEDAR.-	sp|Q80WS3|FBLL1_MOUSE	0.008759044252952	0.0136986301369863	0.006622516556291391	0.0012036656371829813
2023_05_31_mouse_tcell_10FC+PRTC_100fmol_100ng_60k_PRM_50cm_wtrap_01.mzml:2848.9004:TQQVIPMVK+2	1	21178	12.205448	1.606667	2.0048409	6.6456847	6.3469286	0.013046795	0.006557645	9	6	0.40814066	-0.079477444	0.969958	2.2172072	2.1554835	-1.1939173	0	9	0	1	0	0	522.2995283	1042.584504	47.481674	-.TQQVIPMVK.-	sp|P04187|GRAB_MOUSE	0.0086685086430099	0.013333333333333334	0.006622516556291391	0.0012036656371829813
2023_05_31_mouse_tcell_10FC+PRTC_100fmol_100ng_60k_PRM_50cm_wtrap_01.mzml:1998.8738:SETMETEDVPTSSR+2	1	14895	6.881035	0.464948	0.45357013	6.1028833	5.803262	0.019337842	0.009700344	3	2	1.7370645	-1.3027984	0.0	10.0	10.0	-1.3652959	0	14	0	1	0	0	784.8408673	1567.667182	33.314564	-.SETMETEDVPTSSR.-	sp|Q62351|TFR1_MOUSE	0.0085927384501959	0.012987012987012988	0.006622516556291391	0.0012036656371829813
2023_05_31_mouse_tcell_10FC+PRTC_100fmol_100ng_60k_PRM_50cm_wtrap_01.mzml:3431.313:SKESVPDFPLSPPK+3	1	25481	11.687944	1.7298853	1.9440943	6.128181	5.824372	0.008824358	0.004402692	9	8	1.7884965	-1.3227834	0.9849088	4.623631	4.623631	-1.6097095	1	14	0	0	1	0	509.9399627	1526.798059	57.18855	-.SKESVPDFPLSPPK.-	sp|P54227|STMN1_MOUSE	0.008544929788042	0.012658227848101266	0.006622516556291391	0.0012036656371829813
2023_05_31_mouse_tcell_10FC+PRTC_100fmol_100ng_60k_PRM_50cm_wtrap_01.mzml:4157.8765:ELILFSNSDNER+2	1	30845	7.5598154	1.2465492	1.2315104	5.4806337	5.1853204	0.035376556	0.017512795	5	5	0.9452715	-0.6393009	0.0	10.0	10.0	-1.153996	0	12	0	1	0	0	718.8544368	1435.694321	69.29794	-.ELILFSNSDNER.-	sp|Q01320|TOP2A_MOUSE;sp|Q64511|TOP2B_MOUSE	0.0084878499051569	0.012345679012345678	0.006622516556291391	0.0012036656371829813
2023_05_31_mouse_tcell_10FC+PRTC_100fmol_100ng_60k_PRM_50cm_wtrap_01.mzml:1966.5308:FSESTPMGTSR+2	1	14656	8.301912	1.2121552	1.7359295	5.4445796	5.1457157	0.015391888	0.007734424	6	3	1.354421	-0.7095648	0.0	10.0	10.0	-1.4245219	0	11	0	1	0	0	600.2716953	1198.528838	32.775513	-.FSESTPMGTSR.-	sp|Q9JL26|FMNL1_MOUSE	0.007005933266368	0.012048192771084338	0.006622516556291391	0.0012036656371829813
2023_05_31_mouse_tcell_10FC+PRTC_100fmol_100ng_60k_PRM_50cm_wtrap_01.mzml:1709.8936:NMMAAC[+57.0214635]DPR+2	1	12759	10.966873	1.6267961	1.8046287	6.361352	6.062596	0.062454734	0.031391304	8	2	1.0749478	-0.56684744	0.8663132	2.0442238	-2.0442238	-1.2400303	0	9	0	1	0	0	533.2173548	1064.420157	28.498226	-.NMMAAC[+57.0214635]DPR.-	sp|P68372|TBB4B_MOUSE;sp|P99024|TBB5_MOUSE;sp|Q7TMM9|TBB2A_MOUSE;sp|Q922F4|TBB6_MOUSE;sp|Q9CWF2|TBB2B_MOUSE;sp|Q9D6F9|TBB4A_MOUSE;sp|Q9ERD7|TBB3_MOUSE	0.0068410869468099	0.011764705882352941	0.006622516556291391	0.0012036656371829813
2023_05_31_mouse_tcell_10FC+PRTC_100fmol_100ng_60k_PRM_50cm_wtrap_01.mzml:1385.2563:GDSVSDNGSEAVR+2	1	10359	8.998256	1.282101	1.6555539	5.295825	4.954945	0.025207812	0.008756974	7	6	1.1309961	-0.8482471	0.0	10.0	10.0	-0.25616312	0	13	0	1	0	0	646.7892943	1291.564036	23.087606	-.GDSVSDNGSEAVR.-	sp|Q61823|PDCD4_MOUSE	0.006671685015666	0.011494252873563218	0.006622516556291391	0.0012036656371829813
2023_05_31_mouse_tcell_10FC+PRTC_100fmol_100ng_60k_PRM_50cm_wtrap_01.mzml:2674.77:LQLVPGHEGLR+3	1	19891	11.058119	1.5172355	1.2889725	5.4983554	5.1991673	0.007252873	0.003641849	9	5	1.356861	-1.0176457	0.81175506	2.311307	-2.311307	0.8209939	0	11	0	0	1	0	406.9032954	1217.688057	44.579502	-.LQLVPGHEGLR.-	sp|P13379|CD5_MOUSE	0.0061318627900279	0.011235955056179775	0.006622516556291391	0.0012036656371829813
2023_05_31_mouse_tcell_10FC+PRTC_100fmol_100ng_60k_PRM_50cm_wtrap_01.mzml:1839.1062:VETQNPSLSSPETK+2	1	13714	7.1403656	0.6077163	0.59623325	5.061184	4.7625356	0.054017864	0.027157482	5	0	1.0961634	-0.52064896	0.0	10.0	10.0	-1.7149086	0	14	0	1	0	0	758.8781098	1515.741667	30.65177	-.VETQNPSLSSPETK.-	sp|E9Q394|AKP13_MOUSE	0.0061235685773839	0.01098901098901099	0.006622516556291391	0.0012036656371829813
2023_05_31_mouse_tcell_10FC+PRTC_100fmol_100ng_60k_PRM_50cm_wtrap_01.mzml:3807.0796:SFVLNLGK+2	1	28255	12.402971	1.3528023	1.4245125	6.843208	6.544236	0.007228623	0.003631479	9	7	0.8155524	-0.6116643	0.997293	5.257782	4.2633114	-0.90395164	0	8	0	1	0	0	439.2607278	876.5069027	63.45133	-.SFVLNLGK.-	sp|P16045|LEG1_MOUSE	0.0054804925570479	0.010752688172043012	0.006622516556291391	0.0012036656371829813
2023_05_31_mouse_tcell_10FC+PRTC_100fmol_100ng_60k_PRM_50cm_wtrap_01.mzml:2410.261:FLYDDNQR+2	1	17936	9.141692	0.8139956	1.0874144	5.4392614	5.1397486	0.00412301	0.00206872	7	1	1.5990611	-1.1992959	0.8532014	0.92904437	-0.92904437	-0.58067656	0	8	0	1	0	0	535.7487088	1069.482865	40.171017	-.FLYDDNQR.-	sp|Q01320|TOP2A_MOUSE;sp|Q64511|TOP2B_MOUSE	0.0047306429931199	0.010526315789473684	0.006622516556291391	0.0012036656371829813
2023_05_31_mouse_tcell_10FC+PRTC_100fmol_100ng_60k_PRM_50cm_wtrap_01.mzml:4531.754:TFSNDIMLLK+2	1	33602	9.956928	1.0870725	1.2224387	6.254498	5.955958	0.018275078	0.009190079	7	5	1.0773605	-0.74244076	0.8147421	1.5387238	-1.5387238	-1.4235137	0	10	0	1	0	0	591.3153743	1180.616196	75.52923	-.TFSNDIMLLK.-	sp|P04187|GRAB_MOUSE	0.004600351760563	0.010309278350515464	0.006622516556291391	0.0012036656371829813
2023_05_31_mouse_tcell_10FC+PRTC_100fmol_100ng_60k_PRM_50cm_wtrap_01.mzml:3052.6907:QILGVIDK+2	1	22684	8.992876	0.9622091	1.0341592	5.290446	4.991041	0.010191708	0.005114963	7	0	1.6212006	-1.2022431	0.9738716	3.9542196	1.7547162	-1.1297612	0	8	0	1	0	0	443.2738358	884.5331187	50.878178	-.QILGVIDK.-	sp|Q60865|CAPR1_MOUSE	0.0038743167424649	0.010101010101010102	0.006622516556291391	0.0012036656371829813
2023_05_31_mouse_tcell_10FC+PRTC_100fmol_100ng_60k_PRM_50cm_wtrap_01.mzml:1431.7623:EGVKFDESEK+2	1	10703	6.354268	0.5041875	0.7371983	4.9740567	4.675193	0.059357084	0.029826935	4	0	2.2264256	-1.3887876	0.838104	0.8588228	0.8588228	9.924677	1	10	0	1	0	0	584.2800428	1166.545533	23.862705	-.EGVKFDESEK.-	sp|P08113|ENPL_MOUSE	0.003096267425413	0.009900990099009901	0.006622516556291391	0.0012036656371829813
2023_05_31_mouse_tcell_10FC+PRTC_100fmol_100ng_60k_PRM_50cm_wtrap_01.mzml:2168.213:VRPEIINESGNPSYK+3	1	16147	7.9040422	1.0758826	1.303943	5.0467095	4.7482777	0.044521563	0.022394346	6	2	2.316698	-1.7375236	0.0	10.0	10.0	0.65832233	0	15	0	0	1	0	568.296806	1701.868589	36.136883	-.VRPEIINESGNPSYK.-	sp|Q9CQU0|TXD12_MOUSE	0.0028234632195889	0.009708737864077669	0.006622516556291391	0.0012036656371829813
2023_05_31_mouse_tcell_10FC+PRTC_100fmol_100ng_60k_PRM_50cm_wtrap_01.mzml:3665.3394:LFIIQAC[+57.0214635]R+2	1	27209	10.353506	1.3533508	1.494641	5.747986	5.2777586	0.009513435	0.003221884	8	7	0.7870788	-0.4832161	0.861866	0.722373	-0.722373	-1.3644562	0	8	0	1	0	0	510.7865878	1019.558623	61.08899	-.LFIIQAC[+57.0214635]R.-	sp|P70677|CASP3_MOUSE	0.0019754054692869	0.009523809523809525	0.006622516556291391	0.0012036656371829813
2023_05_31_mouse_tcell_10FC+PRTC_100fmol_100ng_60k_PRM_50cm_wtrap_01.mzml:3665.3394:IFIIQAC[+57.0214635]R+2	1	27209	10.353132	1.3533508	1.494641	5.7476115	5.2773843	0.009527465	0.003226635	8	7	0.7870788	-0.4832161	0.861866	0.722373	-0.722373	-1.3668547	0	8	0	1	0	0	510.7865878	1019.558623	61.08899	-.IFIIQAC[+57.0214635]R.-	sp|O08738|CASP6_MOUSE	0.0019724487811099	0.009345794392523364	0.006622516556291391	0.0012036656371829813
2023_05_31_mouse_tcell_10FC+PRTC_100fmol_100ng_60k_PRM_50cm_wtrap_01.mzml:3851.5183:GPLTSC[+57.0214635]DFDLR+2	1	28583	7.1803017	0.91663885	1.1000248	5.10112	4.802148	0.03833676	0.019259432	5	5	2.252988	-1.6281805	0.0	10.0	10.0	-0.6625309	0	11	0	1	0	0	640.8006203	1279.586688	64.19197	-.GPLTSC[+57.0214635]DFDLR.-	sp|Q8C147|DOCK8_MOUSE	0.0018455177615359	0.009174311926605505	0.006622516556291391	0.0012036656371829813
2023_05_31_mouse_tcell_10FC+PRTC_100fmol_100ng_60k_PRM_50cm_wtrap_01.mzml:2411.7297:TILIEANR+2	1	17947	9.540774	0.33999535	0.4811625	5.8383436	5.5389395	0.014697755	0.007376436	7	0	1.5457624	-1.1593218	0.0	10.0	10.0	-0.7181964	0	8	0	1	0	0	465.2743668	928.5341807	40.195496	-.TILIEANR.-	sp|Q9JL26|FMNL1_MOUSE	0.0011874506757029	0.009009009009009009	0.006622516556291391	0.0012036656371829813
2023_05_31_mouse_tcell_10FC+PRTC_100fmol_100ng_60k_PRM_50cm_wtrap_01.mzml:2421.6123:IVGLQYK+2	1	18020	9.339924	0.841719	1.1229726	5.637493	5.3376555	0.012209548	0.006121563	7	1	1.6002904	-1.1041986	0.79411197	0.5756526	0.5756526	0.081208706	0	7	0	1	0	0	410.7499923	819.4854317	40.360207	-.IVGLQYK.-	sp|Q01320|TOP2A_MOUSE;sp|Q64511|TOP2B_MOUSE	0.0001952625790469	0.008849557522123894	0.006622516556291391	0.0012036656371829813
2023_05_31_mouse_tcell_10FC+PRTC_100fmol_100ng_60k_PRM_50cm_wtrap_01.mzml:4608.975:ELEEIVQPIISK+2	1	34171	7.589797	1.1229153	1.1140183	5.510616	5.215195	0.082708605	0.041891914	5	5	2.9565241	-1.7949111	0.7678077	2.18086	-2.18086	-0.46598864	0	12	0	1	0	0	699.3979498	1396.781347	76.81625	-.ELEEIVQPIISK.-	sp|P20029|BIP_MOUSE	0.0001556515610869	0.008695652173913044	0.006622516556291391	0.0012036656371829813
2023_05_31_mouse_tcell_10FC+PRTC_100fmol_100ng_60k_PRM_50cm_wtrap_01.mzml:3471.6743:FFLQDPR+2	1	25779	9.352272	1.0320442	1.2374389	5.649842	5.3506536	0.034899488	0.017523905	7	3	1.6859926	-1.2644944	0.9748312	2.7974997	2.7974997	-0.96005774	0	7	0	1	0	0	461.7427028	921.4708527	57.86124	-.FFLQDPR.-	sp|Q3U7R1|ESYT1_MOUSE	6.670299709100533e-05	0.008547008547008548	0.006622516556291391	0.0012036656371829813
2023_05_31_mouse_tcell_10FC+PRTC_100fmol_100ng_60k_PRM_50cm_wtrap_01.mzml:3308.0657:NSTEC[+57.0214635]TLILTEGDSAK+2	1	24571	6.4933734	0.77023625	0.7841436	5.113162	4.815593	0.12638418	0.06369763	4	4	3.380785	-2.0866752	0.0	10.0	10.0	-1.8766567	0	16	0	1	0	0	869.9118243	1737.809096	55.134426	-.NSTEC[+57.0214635]TLILTEGDSAK.-	sp|Q01320|TOP2A_MOUSE	-0.00052357894545	0.008403361344537815	0.006622516556291391	0.0012036656371829813
2023_05_31_mouse_tcell_10FC+PRTC_100fmol_100ng_60k_PRM_50cm_wtrap_01.mzml:3195.6216:YQEVTNNLEFAK+2	1	23740	6.7416773	0.59454304	0.704941	5.361466	5.0635734	0.06973391	0.03511974	4	2	2.2207644	-0.8108872	0.75449157	0.61842746	-0.61842746	-0.7780695	0	12	0	1	0	0	728.3593518	1454.704151	53.26036	-.YQEVTNNLEFAK.-	sp|Q60865|CAPR1_MOUSE	-0.00060705804024	0.008264462809917356	0.006622516556291391	0.0012036656371829813
2023_05_31_mouse_tcell_10FC+PRTC_100fmol_100ng_60k_PRM_50cm_wtrap_01.mzml:2113.2903:WNIDSSC[+57.0214635]K+2	1	15741	6.9946632	0.7741331	0.8468585	4.915482	4.6174817	0.05087496	0.025615541	5	0	1.8583931	-0.9906657	0.0	10.0	10.0	-1.7513342	0	8	0	1	0	0	505.2240163	1008.43348	35.221504	-.WNIDSSC[+57.0214635]K.-	sp|Q62351|TFR1_MOUSE	-0.000859446955997	0.008130081300813009	0.006622516556291391	0.0012036656371829813
2023_05_31_mouse_tcell_10FC+PRTC_100fmol_100ng_60k_PRM_50cm_wtrap_01.mzml:1605.2064:MAELC[+57.0214635]DSPREQDSESR+3	1	11985	7.682375	0.6544072	0.5108676	4.8250422	4.5256376	0.09249924	0.046423055	6	0	2.2999988	-1.531896	0.0	10.0	10.0	-1.5794063	1	16	0	0	1	0	637.2720064	1908.79419	26.75344	-.MAELC[+57.0214635]DSPREQDSESR.-	sp|O89110|CASP8_MOUSE	-0.001018595459055	0.008	0.006622516556291391	0.0012036656371829813
2023_05_31_mouse_tcell_10FC+PRTC_100fmol_100ng_60k_PRM_50cm_wtrap_01.mzml:1766.8569:FVSNITR+2	1	13180	8.423464	0.78776103	1.3391889	5.5661316	5.2664027	0.055005357	0.027585188	6	0	1.9851712	-1.4888784	0.0	10.0	10.0	-0.10651016	0	7	0	1	0	0	418.7348773	835.4552017	29.447615	-.FVSNITR.-	sp|P13864|DNMT1_MOUSE	-0.002521585059847	0.007874015748031496	0.006622516556291391	0.0012036656371829813
2023_05_31_mouse_tcell_10FC+PRTC_100fmol_100ng_60k_PRM_50cm_wtrap_01.mzml:3789.9795:FLLNNEIPK+2	1	28129	7.1607113	0.842633	1.3499622	5.0815296	4.782558	0.062363833	0.030882988	5	4	2.737564	-2.053173	0.0	10.0	10.0	-0.8298917	0	9	0	1	0	0	544.3109488	1086.607345	63.166325	-.FLLNNEIPK.-	sp|O89110|CASP8_MOUSE	-0.0041136962448349	0.007751937984496124	0.006622516556291391	0.0012036656371829813
2023_05_31_mouse_tcell_10FC+PRTC_100fmol_100ng_60k_PRM_50cm_wtrap_01.mzml:5242.946:LGDLLISQFSGSNAEQMR+2	1	38838	0.0	0.0	-0.006054693	0.0	0.0	0.119466774	0.05998726	0	0	0.0	0.0	0.0	10.0	10.0	-3.0	0	18	0	1	0	0	983.4885643	1964.962576	87.38243	-.LGDLLISQFSGSNAEQMR.-	sp|Q60875|ARHG2_MOUSE	-0.004121253336959	0.007633587786259542	0.006622516556291391	0.0012036656371829813
2023_05_31_mouse_tcell_10FC+PRTC_100fmol_100ng_60k_PRM_50cm_wtrap_01.mzml:1477.7462:LEC[+57.0214635]EDIK+2	1	11043	10.681244	0.8303597	1.2067212	6.0757227	5.776102	0.12685515	0.06363372	8	0	1.0683872	-0.80129033	0.9066836	0.9225089	-0.9225089	5.9017334	0	7	0	1	0	0	453.7154933	905.4164337	24.629103	-.LEC[+57.0214635]EDIK.-	sp|E9PVX6|KI67_MOUSE	-0.0041958965641399	0.007518796992481203	0.006622516556291391	0.006046457632316771
2023_05_31_mouse_tcell_10FC+PRTC_100fmol_100ng_60k_PRM_50cm_wtrap_01.mzml:4251.5527:LLSDLC[+57.0214635]GTVMSTNDVEK+2	1	31536	0.0	-0.001666667	-0.003333334	0.0	0.0	0.11573377	0.05840215	0	0	0.0	0.0	0.0	10.0	10.0	-2.5023685	0	17	0	1	0	0	941.4502593	1880.885966	70.859215	-.LLSDLC[+57.0214635]GTVMSTNDVEK.-	sp|Q61823|PDCD4_MOUSE	-0.004970017070654	0.007407407407407408	0.006622516556291391	0.019777846254316354
2023_05_31_mouse_tcell_10FC+PRTC_100fmol_100ng_60k_PRM_50cm_wtrap_01.mzml:3703.136:KLAVNMVPFPR+3	1	27488	8.575502	0.6711631	0.5647603	5.71817	5.41963	0.034776635	0.017488299	6	6	2.6358943	-0.58473194	0.5703121	5.7142544	5.7142544	-0.62401295	1	11	0	0	1	0	424.581276	1270.721999	61.718933	-.KLAVNMVPFPR.-	sp|A2AQ07|TBB1_MOUSE;sp|P68372|TBB4B_MOUSE;sp|P99024|TBB5_MOUSE;sp|Q7TMM9|TBB2A_MOUSE;sp|Q922F4|TBB6_MOUSE;sp|Q9CWF2|TBB2B_MOUSE;sp|Q9D6F9|TBB4A_MOUSE;sp|Q9ERD7|TBB3_MOUSE	-0.005474036965468	0.0072992700729927005	0.006622516556291391	0.04144465987527765
2023_05_31_mouse_tcell_10FC+PRTC_100fmol_100ng_60k_PRM_50cm_wtrap_01.mzml:3190.742:FC[+57.0214635]LSC[+57.0214635]IR+2	1	23704	7.9558454	0.93121135	1.1130083	5.0985126	4.8009434	0.1129111	0.05685162	6	1	1.7262025	-0.89607203	0.0	10.0	10.0	0.06359768	0	7	0	1	0	0	478.2280483	954.4415437	53.17903	-.FC[+57.0214635]LSC[+57.0214635]IR.-	sp|P13864|DNMT1_MOUSE	-0.00583302411223	0.007194244604316547	0.006622516556291391	0.07026739519706586
2023_05_31_mouse_tcell_10FC+PRTC_100fmol_100ng_60k_PRM_50cm_wtrap_01.mzml:5773.7637:WASSLENLLEDPEGVQR+2	1	42743	0.0	0.0	-0.002477906	0.0	0.0	0.13992509	0.07018992	0	0	0.0	0.0	0.0	10.0	10.0	-3.0	0	17	0	1	0	0	971.9788863	1941.94322	96.22939	-.WASSLENLLEDPEGVQR.-	sp|Q9CQE5|RGS10_MOUSE	-0.0063479350997439	0.0070921985815602835	0.006622516556291391	0.10547448478065578
2023_05_31_mouse_tcell_10FC+PRTC_100fmol_100ng_60k_PRM_50cm_wtrap_01.mzml:2028.4941:VC[+57.0214635]AGYFR+2	1	15114	8.143808	0.8510032	0.9898706	5.2864757	4.986638	0.1181858	0.059255414	6	0	1.3866888	-0.493473	0.0	10.0	10.0	0.14133167	0	7	0	1	0	0	436.7078018	871.4010507	33.808235	-.VC[+57.0214635]AGYFR.-	sp|P20334|TNR9_MOUSE	-0.007263116080278	0.006993006993006993	0.006622516556291391	0.14614103795238956
2023_05_31_mouse_tcell_10FC+PRTC_100fmol_100ng_60k_PRM_50cm_wtrap_01.mzml:5490.704:LFTPMDFEIEGNC[+57.0214635]EK+2	1	40661	0.0	-0.002472868	-0.007921415	0.0	0.0	0.13375571	0.06731257	0	0	0.0	0.0	0.0	10.0	10.0	-3.0	0	15	0	1	0	0	915.4078633	1828.801174	91.511734	-.LFTPMDFEIEGNC[+57.0214635]EK.-	sp|O35892|SP100_MOUSE	-0.0074749748457269	0.006896551724137931	0.006622516556291391	0.19101876069078289
2023_05_31_mouse_tcell_10FC+PRTC_100fmol_100ng_60k_PRM_50cm_wtrap_01.mzml:4849.541:ASGQAFELILSPR+2	1	35942	6.8403563	0.7265893	0.70856917	5.460145	5.162468	0.1472636	0.07420245	4	4	1.6776043	-0.7306697	0.0	10.0	10.0	-2.7283869	0	13	0	1	0	0	694.8802588	1387.745965	80.82568	-.ASGQAFELILSPR.-	sp|P54227|STMN1_MOUSE	-0.00874646456782	0.006802721088435374	0.006622516556291391	0.23835733352928198
2023_05_31_mouse_tcell_10FC+PRTC_100fmol_100ng_60k_PRM_50cm_wtrap_01.mzml:5504.171:GLPLVDDGGWNTVPISK+2	1	40760	0.0	-0.003845962	-0.004658705	0.0	0.0	0.13482967	0.06800471	0	0	0.0	0.0	0.0	10.0	10.0	-3.0	0	17	0	1	0	0	884.4674268	1766.920301	91.73618	-.GLPLVDDGGWNTVPISK.-	sp|Q6NZJ6|IF4G1_MOUSE	-0.0092611572659729	0.006711409395973154	0.006622516556291391	0.2857364597103143
2023_05_31_mouse_tcell_10FC+PRTC_100fmol_100ng_60k_PRM_50cm_wtrap_01.mzml:5011.967:EENADFGGAELPVVC[+57.0214635]GNAQGFLDKEK+3	1	37138	0.0	0.0	0.24916667	0.0	0.0	0.107683316	0.05421854	0	0	0.0	0.0	0.0	10.0	10.0	-3.0	1	26	0	0	1	0	932.1044684	2793.291576	83.53278	-.EENADFGGAELPVVC[+57.0214635]GNAQGFLDKEK.-	sp|O35892|SP100_MOUSE	-0.009322165622258	0.006622516556291391	0.006622516556291391	0.329954073742045
2023_05_31_mouse_tcell_10FC+PRTC_100fmol_100ng_60k_PRM_50cm_wtrap_01.mzml:5607.77:SPQENLVPC[+57.0214635]DVLLLR+2	1	41522	0.0	0.0	-0.004837257	0.0	0.0	0.14427729	0.072517365	0	0	0.0	0.0	0.0	10.0	10.0	-3.0	0	15	0	1	0	0	876.9692793	1751.924006	93.46284	-.SPQENLVPC[+57.0214635]DVLLLR.-	sp|Q9EPE9|AT131_MOUSE	-0.0099535049912479	0.0196078431372549	0.01910828025477707	0.3925240999297187
2023_05_31_mouse_tcell_10FC+PRTC_100fmol_100ng_60k_PRM_50cm_wtrap_01.mzml:5858.736:SGPFGQIFRPDNFVFGQSGAGNNWAK+3	1	43368	0.0	-0.001078476	0.24491493	0.0	0.0	0.10484109	0.050648805	0	0	0.0	0.0	0.0	10.0	10.0	-3.0	0	26	0	0	1	0	933.4526424	2797.336098	97.6456	-.SGPFGQIFRPDNFVFGQSGAGNNWAK.-	sp|P68372|TBB4B_MOUSE;sp|P99024|TBB5_MOUSE;sp|Q7TMM9|TBB2A_MOUSE;sp|Q9CWF2|TBB2B_MOUSE;sp|Q9D6F9|TBB4A_MOUSE	-0.010179266221289	0.01935483870967742	0.01910828025477707	0.4019100495275611
2023_05_31_mouse_tcell_10FC+PRTC_100fmol_100ng_60k_PRM_50cm_wtrap_01.mzml:5029.332:AILVDLEPGTMDSVR+2	1	37266	0.0	0.0	0.0	0.0	0.0	0.12075192	0.06084388	0	0	0.0	0.0	0.0	10.0	10.0	-3.0	0	15	0	1	0	0	808.4216308	1614.828709	83.8222	-.AILVDLEPGTMDSVR.-	sp|P99024|TBB5_MOUSE;sp|Q7TMM9|TBB2A_MOUSE;sp|Q9CWF2|TBB2B_MOUSE;sp|Q9ERD7|TBB3_MOUSE	-0.0102609322947199	0.01910828025477707	0.01910828025477707	0.41039918152810967
2023_05_31_mouse_tcell_10FC+PRTC_100fmol_100ng_60k_PRM_50cm_wtrap_01.mzml:2669.9282:LEEALLR+2	1	19855	9.57206	0.9504751	1.3327056	4.9665394	4.666702	0.15133202	0.0758741	8	1	1.8830088	1.4122566	0.0	10.0	10.0	0.15850258	0	7	0	1	0	0	422.2503603	842.4861677	44.498802	-.LEEALLR.-	sp|P97313|PRKDC_MOUSE;sp|Q8C147|DOCK8_MOUSE	-0.0113545167637	0.031446540880503145	0.031446540880503145	0.4743469038823452
2023_05_31_mouse_tcell_10FC+PRTC_100fmol_100ng_60k_PRM_50cm_wtrap_01.mzml:4331.7046:IIFDDFR+2	1	32127	6.4789386	0.60111964	0.8766717	5.098727	4.7900186	0.10254884	0.04574059	4	3	3.0132055	-2.2599041	0.0	10.0	10.0	-2.1549253	0	7	0	1	0	0	463.2425353	924.4705177	72.195076	-.IIFDDFR.-	sp|P46978|STT3A_MOUSE	-0.01176926409179	0.043478260869565216	0.043478260869565216	0.5975796491852736
2023_05_31_mouse_tcell_10FC+PRTC_100fmol_100ng_60k_PRM_50cm_wtrap_01.mzml:5760.9673:LLGATELPIVTPALR+2	1	42649	0.0	0.0	0.12571935	0.0	0.0	0.12778212	0.062157575	0	0	0.0	0.0	0.0	10.0	10.0	-3.0	0	15	0	1	0	0	782.4770668	1562.939581	96.01612	-.LLGATELPIVTPALR.-	sp|P52293|IMA1_MOUSE	-0.0119044411803849	0.05521472392638037	0.05521472392638037	0.7804816817005567
2023_05_31_mouse_tcell_10FC+PRTC_100fmol_100ng_60k_PRM_50cm_wtrap_01.mzml:4765.0684:YGFIEGNVVIPR+2	1	35320	0.0	-0.001666667	-0.006666667	0.0	0.0	0.11408771	0.057400376	0	0	0.0	0.0	0.0	10.0	10.0	-3.0	0	12	0	1	0	0	682.3720653	1362.729578	79.41781	-.YGFIEGNVVIPR.-	sp|P15379|CD44_MOUSE	-0.0136942116371729	0.06666666666666667	0.06666666666666667	1.0
2023_05_31_mouse_tcell_10FC+PRTC_100fmol_100ng_60k_PRM_50cm_wtrap_01.mzml:4674.4673:ANC[+57.0214635]IDSTASAEAVFASEVKK+3	1	34653	0.0	-0.00159099	-0.007392262	0.0	0.0	0.104175	0.052764647	0	0	0.0	0.0	0.0	10.0	10.0	-3.0	1	20	0	0	1	0	700.008888	2097.004835	77.90779	-.ANC[+57.0214635]IDSTASAEAVFASEVKK.-	sp|P35550|FBRL_MOUSE	-0.013822146516517	0.07784431137724551	0.07784431137724551	1.0
2023_05_31_mouse_tcell_10FC+PRTC_100fmol_100ng_60k_PRM_50cm_wtrap_01.mzml:3737.8083:AGC[+57.0214635]QVVAPSDMMDGRVEAIK+3	1	27744	0.0	0.0	-0.003050238	0.0	0.0	0.12159994	0.06121037	0	0	0.0	0.0	0.0	10.0	10.0	-3.0	1	20	0	0	1	0	712.0078374	2133.001683	62.296806	-.AGC[+57.0214635]QVVAPSDMMDGRVEAIK.-	sp|P10518|HEM2_MOUSE	-0.015218690233292	0.08875739644970414	0.08875739644970414	1.0
2023_05_31_mouse_tcell_10FC+PRTC_100fmol_100ng_60k_PRM_50cm_wtrap_01.mzml:5527.2656:ALTVPELTQQMFDSK+2	1	40930	0.0	-0.000579	-0.006666667	0.0	0.0	0.19236629	0.096664056	0	0	0.0	0.0	0.0	10.0	10.0	-3.0	0	15	0	1	0	0	854.4347388	1706.854925	92.12109	-.ALTVPELTQQMFDSK.-	sp|Q7TMM9|TBB2A_MOUSE;sp|Q9CWF2|TBB2B_MOUSE	-0.0156299926280049	0.09941520467836257	0.09941520467836257	1.0
2023_05_31_mouse_tcell_10FC+PRTC_100fmol_100ng_60k_PRM_50cm_wtrap_01.mzml:5373.5537:RPPGPPLPVTTDLAL+2	1	39799	0.0	-0.001119848	-0.006666667	0.0	0.0	0.17850628	0.089855604	0	0	0.0	0.0	0.0	10.0	10.0	-3.0	0	15	0	1	0	0	772.4457668	1542.876981	89.55923	-.RPPGPPLPVTTDLAL.-	sp|Q9JL26|FMNL1_MOUSE	-0.017391098629443	0.14450867052023122	0.14450867052023122	1.0
2023_05_31_mouse_tcell_10FC+PRTC_100fmol_100ng_60k_PRM_50cm_wtrap_01.mzml:5423.011:SPQTPELVEALAFR+2	1	40163	0.0	0.0	-0.00319009	0.0	0.0	0.18463574	0.09280254	0	0	0.0	0.0	0.0	10.0	10.0	-3.0	0	14	0	1	0	0	779.4172058	1556.819859	90.38352	-.SPQTPELVEALAFR.-	sp|Q6A0A9|F120A_MOUSE	-0.0174851538668099	0.15428571428571428	0.15254237288135594	1.0
2023_05_31_mouse_tcell_10FC+PRTC_100fmol_100ng_60k_PRM_50cm_wtrap_01.mzml:1599.7944:YGC[+57.0214635]EGPSHGGLPGASSEK+3	1	11945	5.3246384	0.42470053	0.38295135	4.5464873	4.250638	0.18699013	0.09461699	3	0	2.7175095	-2.0381322	0.0	10.0	10.0	-1.7282438	0	18	0	0	1	0	597.265178	1788.773705	26.66324	-.YGC[+57.0214635]EGPSHGGLPGASSEK.-	sp|Q9WTK5|NFKB2_MOUSE	-0.0177912146857499	0.15254237288135594	0.15254237288135594	1.0
2023_05_31_mouse_tcell_10FC+PRTC_100fmol_100ng_60k_PRM_50cm_wtrap_01.mzml:3482.2446:QIPC[+57.0214635]IVSMLTK+2	1	25857	4.9511476	0.42616007	0.4169911	4.6501174	4.3552322	0.1929767	0.09786331	2	2	3.541932	1.8705609	0.0	10.0	10.0	-2.85823	0	11	0	1	0	0	645.3514348	1288.688317	58.03741	-.QIPC[+57.0214635]IVSMLTK.-	sp|P70677|CASP3_MOUSE	-0.01855195876729	0.17318435754189945	0.17318435754189945	1.0
2023_05_31_mouse_tcell_10FC+PRTC_100fmol_100ng_60k_PRM_50cm_wtrap_01.mzml:5725.3394:VLEVPPIVYLR+2	1	42387	0.0	0.0	-0.003081997	0.0	0.0	0.16543137	0.08306723	0	0	0.0	0.0	0.0	10.0	10.0	-3.0	0	11	0	1	0	0	649.3975518	1296.780551	95.422325	-.VLEVPPIVYLR.-	sp|Q91V12|BACH_MOUSE	-0.019783550995653	0.19337016574585636	0.1912568306010929	1.0
2023_05_31_mouse_tcell_10FC+PRTC_100fmol_100ng_60k_PRM_50cm_wtrap_01.mzml:3388.4944:FTSFSVYC[+57.0214635]SR+2	1	25165	5.5586996	0.5056859	0.68290067	4.780548	4.48136	0.23790576	0.11945844	3	1	2.5004632	-1.8753475	0.0	10.0	10.0	-2.110325	0	10	0	1	0	0	627.2846013	1252.55465	56.474907	-.FTSFSVYC[+57.0214635]SR.-	sp|P13864|DNMT1_MOUSE	-0.01989948979003	0.1912568306010929	0.1912568306010929	1.0
2023_05_31_mouse_tcell_10FC+PRTC_100fmol_100ng_60k_PRM_50cm_wtrap_01.mzml:1599.661:DTPPQGEESHSGDGSTLETER+3	1	11944	5.2116785	0.36533472	0.0866852	4.4335275	4.1348796	0.2663748	0.13391991	3	1	2.2429533	-0.069928706	0.0	10.0	10.0	-1.1607351	0	21	0	0	1	0	743.6561194	2227.946529	26.661016	-.DTPPQGEESHSGDGSTLETER.-	sp|Q8C156|CND2_MOUSE	-0.0236240536494	0.2756756756756757	0.2727272727272727	1.0
2023_05_31_mouse_tcell_10FC+PRTC_100fmol_100ng_60k_PRM_50cm_wtrap_01.mzml:1183.0754:KSC[+57.0214635]C[+57.0214635]SC[+57.0214635]C[+57.0214635]PVGC[+57.0214635]SK+2	1	8865	4.60706	0.4961724	0.48901153	4.30603	4.0148754	0.33297482	0.1703166	2	2	0.64537185	-0.4840289	0.0	10.0	10.0	-2.0993545	1	13	0	1	0	0	795.3035073	1588.592462	19.717924	-.KSC[+57.0214635]C[+57.0214635]SC[+57.0214635]C[+57.0214635]PVGC[+57.0214635]SK.-	sp|P02802|MT1_MOUSE	-0.02426077557914	0.2727272727272727	0.2727272727272727	1.0
2023_05_31_mouse_tcell_10FC+PRTC_100fmol_100ng_60k_PRM_50cm_wtrap_01.mzml:1491.8024:EKQDEQVGLPGK+2	1	11147	4.97667	0.3637844	0.55035585	4.6756396	4.3796825	0.29719082	0.15034138	2	2	0.48850313	-0.36637735	0.0	10.0	10.0	-3.0	1	12	0	1	0	0	664.3462493	1326.677946	24.863373	-.EKQDEQVGLPGK.-	sp|Q01320|TOP2A_MOUSE	-0.02657382479297	0.291005291005291	0.291005291005291	1.0
2023_05_31_mouse_tcell_10FC+PRTC_100fmol_100ng_60k_PRM_50cm_wtrap_01.mzml:3890.7444:VTSLTAC[+57.0214635]LVNQNLR+3	1	28873	6.4727197	0.39851588	0.6726419	5.0925083	4.7947235	0.2222385	0.11195266	4	4	2.345906	1.1619699	0.0	10.0	10.0	-3.0	0	14	0	0	1	0	530.2873687	1587.840277	64.84574	-.VTSLTAC[+57.0214635]LVNQNLR.-	sp|P01831|THY1_MOUSE	-0.0276664275219	0.3089005235602094	0.3089005235602094	1.0
2023_05_31_mouse_tcell_10FC+PRTC_100fmol_100ng_60k_PRM_50cm_wtrap_01.mzml:1992.3552:ISEQFTAMFR+2	1	14847	6.06075	0.3283218	0.5207848	5.282599	4.924389	0.3605974	0.14677502	3	2	3.7655754	-2.8241816	0.0	10.0	10.0	-3.0	0	10	0	1	0	0	615.3027988	1228.591045	33.20592	-.ISEQFTAMFR.-	sp|P68372|TBB4B_MOUSE;sp|P99024|TBB5_MOUSE;sp|Q7TMM9|TBB2A_MOUSE;sp|Q9CWF2|TBB2B_MOUSE;sp|Q9D6F9|TBB4A_MOUSE;sp|Q9ERD7|TBB3_MOUSE	-0.03079383800474	0.35751295336787564	0.35751295336787564	1.0
2023_05_31_mouse_tcell_10FC+PRTC_100fmol_100ng_60k_PRM_50cm_wtrap_01.mzml:1757.8058:GQNEDPGSLLTQFRR+3	1	13113	6.1956763	0.08189598	0.30087477	4.815465	4.430924	0.31812167	0.13730776	4	0	3.5042136	1.7136712	0.68644947	2.609853	-1.8725433	-0.9815502	1	15	0	0	1	0	573.2920587	1716.854347	29.296762	-.GQNEDPGSLLTQFRR.-	sp|P10852|4F2_MOUSE	-0.03296806787025	0.3641025641025641	0.3641025641025641	1.0
2023_05_31_mouse_tcell_10FC+PRTC_100fmol_100ng_60k_PRM_50cm_wtrap_01.mzml:1556.7607:LALGIPLPELR+2	1	11627	4.836602	0.20850484	0.62363994	4.535572	4.2397223	0.41517383	0.21007791	2	0	0.38477919	-0.0249542	0.0	10.0	10.0	-2.2908494	0	11	0	1	0	0	596.3766238	1190.738695	25.946012	-.LALGIPLPELR.-	sp|B2RQC6|PYR1_MOUSE	-0.04205298181429	0.4416243654822335	0.4416243654822335	1.0
2023_05_31_mouse_tcell_10FC+PRTC_100fmol_100ng_60k_PRM_50cm_wtrap_01.mzml:2512.9863:DSNWISKVEK+3	1	18695	4.301113	0.2394929	0.37388843	4.000083	3.70057	0.4034309	0.20242144	2	0	1.6076651	-1.2057488	0.0	10.0	10.0	-2.4247217	1	10	0	0	1	0	402.5435434	1204.608801	41.883106	-.DSNWISKVEK.-	sp|Q62351|TFR1_MOUSE	-0.04491840709461	0.4472361809045226	0.4472361809045226	1.0
2023_05_31_mouse_tcell_10FC+PRTC_100fmol_100ng_60k_PRM_50cm_wtrap_01.mzml:1458.5383:MIEEAGAIISTR+2	1	10901	5.3662467	0.04466397	0.17291293	5.0652165	4.7729993	0.4626621	0.23607333	2	0	3.0506756	0.86608565	0.0	10.0	10.0	-0.94761467	0	12	0	1	0	0	645.8397453	1289.664938	24.308971	-.MIEEAGAIISTR.-	sp|Q91V12|BACH_MOUSE	-0.04553743702385	0.4925373134328358	0.4925373134328358	1.0
2023_05_31_mouse_tcell_10FC+PRTC_100fmol_100ng_60k_PRM_50cm_wtrap_01.mzml:1350.3738:KTTGAAQEEDAC[+57.0214635]SC[+57.0214635]R+3	1	10101	4.4028096	0.2761776	0.6089837	4.1017795	3.8028073	0.46948722	0.23585865	2	0	1.7554642	0.4820583	0.0	10.0	10.0	-2.3992977	1	15	0	0	1	0	561.9068884	1682.698836	22.50623	-.KTTGAAQEEDAC[+57.0214635]SC[+57.0214635]R.-	sp|P20334|TNR9_MOUSE	-0.04875263463631	0.5369458128078818	0.5369458128078818	1.0
2023_05_31_mouse_tcell_10FC+PRTC_100fmol_100ng_60k_PRM_50cm_wtrap_01.mzml:4127.5547:AILSTKPPGTFLLR+3	1	30621	5.4917145	0.05057812	0.16779959	5.1906843	4.892684	0.48567906	0.2445394	2	0	0.22231083	-0.16673312	0.62642187	7.3186955	-7.3186955	-2.6193666	0	14	0	0	1	0	505.30821	1512.902801	68.79258	-.AILSTKPPGTFLLR.-	sp|P42227|STAT3_MOUSE	-0.0535066632474099	0.551219512195122	0.5458937198067633	1.0
2023_05_31_mouse_tcell_10FC+PRTC_100fmol_100ng_60k_PRM_50cm_wtrap_01.mzml:5166.9834:FDYYMPVIAGC[+57.0214635]R+2	1	38279	4.2567844	0.24038038	0.23431684	4.2567844	3.9578125	0.57925105	0.29100126	1	1	1.9618764	1.4714073	0.0	10.0	10.0	-2.435804	0	12	0	1	0	0	746.3415898	1490.668627	86.11639	-.FDYYMPVIAGC[+57.0214635]R.-	sp|P03958|ADA_MOUSE	-0.05358854502829	0.5458937198067633	0.5458937198067633	1.0
2023_05_31_mouse_tcell_10FC+PRTC_100fmol_100ng_60k_PRM_50cm_wtrap_01.mzml:4560.3784:GQNEDPGSLLTQFR+2	1	33813	5.027121	0.24999997	0.24500002	5.027121	4.729444	0.62051016	0.3126596	1	1	0.923389	0.6925418	0.0	10.0	10.0	-2.2432199	0	14	0	1	0	0	781.3838943	1560.753236	76.00631	-.GQNEDPGSLLTQFR.-	sp|P10852|4F2_MOUSE	-0.0550027348656199	0.5598086124401914	0.5598086124401914	1.0
2023_05_31_mouse_tcell_10FC+PRTC_100fmol_100ng_60k_PRM_50cm_wtrap_01.mzml:5467.173:YFSSGPDRTVQFWEQDGIPVLSK+3	1	40488	4.1834564	0.12650824	0.3714982	4.1834564	3.8834023	0.61424655	0.30427584	1	1	0.4283681	0.32127607	0.0	10.0	10.0	-2.454136	1	23	0	0	1	0	886.1062464	2655.29691	91.119545	-.YFSSGPDRTVQFWEQDGIPVLSK.-	sp|Q60837|I12R1_MOUSE	-0.0561903143709199	0.5639810426540285	0.5639810426540285	1.0
2023_05_31_mouse_tcell_10FC+PRTC_100fmol_100ng_60k_PRM_50cm_wtrap_01.mzml:3569.5793:MFLNDFLNDQNR+2	1	26502	4.6886263	0.11566278	0.42463273	4.387596	4.091747	0.6242419	0.31586632	2	1	2.2629006	1.028342	0.0	10.0	10.0	-2.683827	0	12	0	1	0	0	763.8564573	1525.698362	59.49299	-.MFLNDFLNDQNR.-	sp|Q8JZK9|HMCS1_MOUSE	-0.05968260373735	0.6431924882629108	0.6425855513307985	1.0
2023_05_31_mouse_tcell_10FC+PRTC_100fmol_100ng_60k_PRM_50cm_wtrap_01.mzml:4867.491:DSC[+57.0214635]NGDSGSPLLC[+57.0214635]DGILR+2	1	36074	4.356455	0.25	0.24388547	4.356455	4.0585623	0.7187733	0.3619922	1	1	2.2694664	1.7020998	0.0	10.0	10.0	-2.4108863	0	18	0	1	0	0	968.4303893	1934.846226	81.124855	-.DSC[+57.0214635]NGDSGSPLLC[+57.0214635]DGILR.-	sp|P11032|GRAA_MOUSE	-0.06052722909697	0.6558139534883721	0.6425855513307985	1.0
2023_05_31_mouse_tcell_10FC+PRTC_100fmol_100ng_60k_PRM_50cm_wtrap_01.mzml:5191.71:NSSYFVEWIPNNVK+2	1	38461	5.2003536	-0.002820468	0.1111978	5.2003536	4.902569	0.7170079	0.36119276	1	1	1.5599056	-1.1699293	0.0	10.0	10.0	-2.1999116	0	14	0	1	0	0	848.9201068	1695.825661	86.528496	-.NSSYFVEWIPNNVK.-	sp|P68372|TBB4B_MOUSE;sp|P99024|TBB5_MOUSE;sp|Q7TMM9|TBB2A_MOUSE;sp|Q922F4|TBB6_MOUSE;sp|Q9CWF2|TBB2B_MOUSE;sp|Q9D6F9|TBB4A_MOUSE;sp|Q9ERD7|TBB3_MOUSE	-0.063619876182592	0.6682027649769585	0.6425855513307985	1.0
2023_05_31_mouse_tcell_10FC+PRTC_100fmol_100ng_60k_PRM_50cm_wtrap_01.mzml:2815.896:QFMAETQFSSGEK+2	1	20934	3.8291798	0.028998608	0.021321546	3.8291798	3.3571317	0.88745064	0.31330538	1	0	0.66106945	-0.4958021	0.0	10.0	10.0	-2.542705	0	13	0	1	0	0	745.3350243	1488.655496	46.9316	-.QFMAETQFSSGEK.-	sp|Q60865|CAPR1_MOUSE	-0.069416811222304	0.6894977168949772	0.6425855513307985	1.0
2023_05_31_mouse_tcell_10FC+PRTC_100fmol_100ng_60k_PRM_50cm_wtrap_01.mzml:2331.5354:ISAASEEEAVGNGAATPK+2	1	17354	3.918045	0.24803394	0.22343509	3.918045	3.619505	0.78491354	0.3947134	1	1	1.7165908	-1.287443	0.0	10.0	10.0	-2.5204887	0	18	0	1	0	0	851.4181308	1700.821709	38.858925	-.ISAASEEEAVGNGAATPK.-	sp|E9Q394|AKP13_MOUSE	-0.07120431892265	0.6832579185520362	0.6425855513307985	1.0
2023_05_31_mouse_tcell_10FC+PRTC_100fmol_100ng_60k_PRM_50cm_wtrap_01.mzml:3105.4973:VFPNGLASQEGTIQK+2	1	23074	4.0488596	0.24041137	0.22261213	4.0488596	3.7577052	0.7702541	0.39398494	1	1	1.2373589	0.92801917	0.0	10.0	10.0	-2.487785	0	15	0	1	0	0	794.9201128	1587.825673	51.75829	-.VFPNGLASQEGTIQK.-	sp|O54824|IL16_MOUSE	-0.07249857759298	0.6860986547085202	0.6425855513307985	1.0
2023_05_31_mouse_tcell_10FC+PRTC_100fmol_100ng_60k_PRM_50cm_wtrap_01.mzml:4928.9976:SGEYSC[+57.0214635]IFLPEPVGR+2	1	36527	4.544196	0.25	0.24833335	4.544196	4.246196	0.8191445	0.41243923	1	1	0.99027425	-0.7427057	0.0	10.0	10.0	-2.363951	0	15	0	1	0	0	855.9114258	1709.808299	82.149956	-.SGEYSC[+57.0214635]IFLPEPVGR.-	sp|P18572|BASI_MOUSE	-0.07264166059931	0.68	0.6425855513307985	1.0
2023_05_31_mouse_tcell_10FC+PRTC_100fmol_100ng_60k_PRM_50cm_wtrap_01.mzml:5860.1206:ILDIIGLPGEEDWPR+2	1	43378	3.9661329	0.23995212	0.23334135	3.9661329	3.667593	0.8154134	0.410051	1	1	3.2590568	2.4442925	0.0	10.0	10.0	-2.5084667	0	15	0	1	0	0	861.9566948	1721.898837	97.66868	-.ILDIIGLPGEEDWPR.-	sp|Q64261|CDK6_MOUSE	-0.07473649184327	0.6828193832599119	0.6425855513307985	1.0
2023_05_31_mouse_tcell_10FC+PRTC_100fmol_100ng_60k_PRM_50cm_wtrap_01.mzml:2959.217:DMGFTEEEFKR+3	1	21993	5.623858	0.097687095	0.10114658	5.623858	5.149982	0.93300545	0.33005452	1	1	0.10595872	0.07946904	0.0	10.0	10.0	-2.4453	1	11	0	0	1	0	463.5432154	1387.607817	49.320286	-.DMGFTEEEFKR.-	sp|P03958|ADA_MOUSE	-0.07869971714399	0.6768558951965066	0.6425855513307985	1.0
2023_05_31_mouse_tcell_10FC+PRTC_100fmol_100ng_60k_PRM_50cm_wtrap_01.mzml:4750.949:AVLVDLEPGTMDSVR+2	1	35216	5.017288	0.1734301	0.16752273	5.017288	4.719288	0.86692846	0.4364985	1	1	1.0385283	-0.7788962	0.0	10.0	10.0	-2.245678	0	15	0	1	0	0	801.4138058	1600.813059	79.18249	-.AVLVDLEPGTMDSVR.-	sp|P68372|TBB4B_MOUSE;sp|Q9D6F9|TBB4A_MOUSE	-0.07929572563081	0.670995670995671	0.6425855513307985	1.0
2023_05_31_mouse_tcell_10FC+PRTC_100fmol_100ng_60k_PRM_50cm_wtrap_01.mzml:1458.5383:ATLWYVPLSLK+2	1	10901	5.064724	0.06531003	0.4807138	5.064724	4.596416	0.97705317	0.35481608	1	0	0.11355954	0.08516965	0.0	10.0	10.0	-2.7655725	0	11	0	1	0	0	645.8764523	1289.738352	24.308971	-.ATLWYVPLSLK.-	sp|Q91V12|BACH_MOUSE	-0.0800614489077	0.6652360515021459	0.6425855513307985	1.0
2023_05_31_mouse_tcell_10FC+PRTC_100fmol_100ng_60k_PRM_50cm_wtrap_01.mzml:4433.449:ANC[+57.0214635]IDSTASAEAVFASEVK+2	1	32877	3.8446345	0.25	0.24833335	3.8446345	3.546634	0.92158633	0.46401873	1	1	3.0258882	-2.269416	0.0	10.0	10.0	-2.5388412	0	19	0	1	0	0	985.4622123	1968.909872	73.89082	-.ANC[+57.0214635]IDSTASAEAVFASEVK.-	sp|P35550|FBRL_MOUSE	-0.08011778790125	0.6595744680851063	0.6425855513307985	1.0
2023_05_31_mouse_tcell_10FC+PRTC_100fmol_100ng_60k_PRM_50cm_wtrap_01.mzml:5219.0166:LNMEAINYMAADGDFK+2	1	38662	4.4986567	0.23844007	0.23021509	4.4986567	4.201303	0.9138426	0.46080512	1	1	3.1687906	2.3765929	0.0	10.0	10.0	-2.3753357	0	16	0	1	0	0	901.9080258	1801.801499	86.98361	-.LNMEAINYMAADGDFK.-	sp|P16045|LEG1_MOUSE	-0.0825060862888499	0.6624472573839663	0.6425855513307985	1.0
2023_05_31_mouse_tcell_10FC+PRTC_100fmol_100ng_60k_PRM_50cm_wtrap_01.mzml:4630.163:ATYSTNSPVWEEAFR+2	1	34327	4.2403526	0.24170655	0.24180087	4.2403526	3.9423518	0.91305834	0.45972484	1	1	2.7974555	2.0980916	0.0	10.0	10.0	-2.4399118	0	15	0	1	0	0	879.4101043	1756.805656	77.16939	-.ATYSTNSPVWEEAFR.-	sp|Q3U7R1|ESYT1_MOUSE	-0.08326233906777	0.6652719665271967	0.6425855513307985	1.0
2023_05_31_mouse_tcell_10FC+PRTC_100fmol_100ng_60k_PRM_50cm_wtrap_01.mzml:3415.4797:GINSNNLESQLQATQAAR+2	1	25364	4.1090984	0.24717472	0.24215434	4.1090984	3.816136	0.9478927	0.48283285	1	1	2.5606205	-1.9204655	0.0	10.0	10.0	-2.4727254	0	18	0	1	0	0	957.9850348	1913.955517	56.924664	-.GINSNNLESQLQATQAAR.-	sp|P52293|IMA1_MOUSE	-0.0838651357940099	0.6597510373443983	0.6425855513307985	1.0
2023_05_31_mouse_tcell_10FC+PRTC_100fmol_100ng_60k_PRM_50cm_wtrap_01.mzml:4335.7983:FGDLDEQEFVYKEPAITK+3	1	32157	4.0080023	0.15057303	0.14193203	4.0080023	3.7096784	0.85445714	0.42989874	1	1	1.003328	-0.75249594	0.0	10.0	10.0	-2.4979994	1	18	0	0	1	0	710.352758	2128.036445	72.263306	-.FGDLDEQEFVYKEPAITK.-	sp|Q8C147|DOCK8_MOUSE;sp|Q8R1A4|DOCK7_MOUSE	-0.0841678461959099	0.654320987654321	0.6425855513307985	1.0
2023_05_31_mouse_tcell_10FC+PRTC_100fmol_100ng_60k_PRM_50cm_wtrap_01.mzml:5625.278:EAVGDLLDAFK+2	1	41651	4.128622	0.21462293	0.19638534	4.128622	3.8296502	0.83516634	0.41956675	1	1	0.2643591	-0.19826932	0.0	10.0	10.0	-2.4678445	0	11	0	1	0	0	589.3086038	1176.602655	93.75463	-.EAVGDLLDAFK.-	sp|Q6NZJ6|IF4G1_MOUSE	-0.08434011868189	0.6489795918367347	0.6425855513307985	1.0
2023_05_31_mouse_tcell_10FC+PRTC_100fmol_100ng_60k_PRM_50cm_wtrap_01.mzml:3920.8213:LLTTIGKDLDFAK+3	1	29095	5.7542796	0.30630678	0.62403923	5.4532495	5.15568	0.8495994	0.42819804	2	1	0.2691128	0.14498197	0.0	10.0	10.0	-2.751237	1	13	0	0	1	0	478.9449374	1433.812983	65.34702	-.LLTTIGKDLDFAK.-	sp|Q6NZJ6|IF4G1_MOUSE	-0.08698088818564	0.6680161943319838	0.6425855513307985	1.0
2023_05_31_mouse_tcell_10FC+PRTC_100fmol_100ng_60k_PRM_50cm_wtrap_01.mzml:5041.4478:KVVEPELMGTPDGPC[+57.0214635]YPAPPVPR+3	1	37355	4.1603947	0.25	0.3017645	4.1603947	3.8679647	0.9173642	0.4678557	1	1	1.3048118	-0.97860885	0.0	10.0	10.0	-2.4599013	1	23	0	0	1	0	836.087142	2505.239597	84.02413	-.KVVEPELMGTPDGPC[+57.0214635]YPAPPVPR.-	sp|B2RQC6|PYR1_MOUSE	-0.0877357391894499	0.6706827309236948	0.6425855513307985	1.0
2023_05_31_mouse_tcell_10FC+PRTC_100fmol_100ng_60k_PRM_50cm_wtrap_01.mzml:3044.8418:QINPTLGSQEDFKDLLQSAK+3	1	22626	4.357728	0.060897138	0.08312407	4.357728	4.061771	0.91129667	0.46100214	1	0	0.41890237	-0.31417677	0.0	10.0	10.0	-2.0836802	1	20	0	0	1	0	744.7217357	2231.143378	50.747364	-.QINPTLGSQEDFKDLLQSAK.-	sp|P10852|4F2_MOUSE	-0.088740305277908	0.6733067729083665	0.6425855513307985	1.0
2023_05_31_mouse_tcell_10FC+PRTC_100fmol_100ng_60k_PRM_50cm_wtrap_01.mzml:4086.903:NQALVELLQK+2	1	30321	4.090494	0.117088035	0.09985792	4.090494	3.7910895	0.8726345	0.4379534	1	0	3.2150707	2.411303	0.0	10.0	10.0	-2.4773765	0	10	0	1	0	0	578.3402383	1154.665924	68.11505	-.NQALVELLQK.-	sp|Q60875|ARHG2_MOUSE	-0.08982562430748	0.6679841897233202	0.6425855513307985	1.0
2023_05_31_mouse_tcell_10FC+PRTC_100fmol_100ng_60k_PRM_50cm_wtrap_01.mzml:2854.5833:GASFEEDSGGPLVC[+57.0214635]K+2	1	21220	3.7117832	0.05665753	0.098727815	3.7117832	3.413459	0.9345679	0.47020453	1	1	1.534006	-1.1505045	0.0	10.0	10.0	-2.5720541	0	15	0	1	0	0	776.8510383	1551.687524	47.57639	-.GASFEEDSGGPLVC[+57.0214635]K.-	sp|P08882|GRAC_MOUSE	-0.090474434830855	0.6627450980392157	0.6425855513307985	1.0
2023_05_31_mouse_tcell_10FC+PRTC_100fmol_100ng_60k_PRM_50cm_wtrap_01.mzml:3494.6826:YPFTAQVDSPVK+2	1	25949	3.7852428	0.21214126	0.31875643	3.7852428	3.486487	0.9283704	0.46662217	1	1	0.69047874	-0.51785904	0.0	10.0	10.0	-3.0	0	12	0	1	0	0	676.3482563	1350.68196	58.24471	-.YPFTAQVDSPVK.-	sp|P56203|CATW_MOUSE	-0.0918573234438799	0.6575875486381323	0.6425855513307985	1.0
2023_05_31_mouse_tcell_10FC+PRTC_100fmol_100ng_60k_PRM_50cm_wtrap_01.mzml:4163.7046:GTEPSALPFVDPNARPLAPEVSIK+3	1	30888	4.3134036	0.24442193	0.36025035	4.3134036	4.0209737	0.94549847	0.4822042	1	1	0.122329175	0.09174688	0.0	10.0	10.0	-2.421649	0	24	0	0	1	0	835.7831064	2504.32749	69.39507	-.GTEPSALPFVDPNARPLAPEVSIK.-	sp|B2RQC6|PYR1_MOUSE	-0.092390239972765	0.6525096525096525	0.6425855513307985	1.0
2023_05_31_mouse_tcell_10FC+PRTC_100fmol_100ng_60k_PRM_50cm_wtrap_01.mzml:5505.64:VMNTGSQFVMEGVK+2	1	40771	3.7945232	0.24833335	0.24500002	3.7945232	3.4986737	0.9672037	0.48940507	1	1	0.6622248	0.4966686	0.0	10.0	10.0	-2.5513692	0	14	0	1	0	0	763.8707198	1525.726887	91.760666	-.VMNTGSQFVMEGVK.-	sp|Q8BRF7|SCFD1_MOUSE	-0.09275676681421	0.6475095785440613	0.6425855513307985	1.0
2023_05_31_mouse_tcell_10FC+PRTC_100fmol_100ng_60k_PRM_50cm_wtrap_01.mzml:4073.3496:FQSVESGANNVVFIR+2	1	30221	4.464159	0.13261405	0.24276099	4.464159	4.1662664	0.97398144	0.4905213	1	1	0.30066594	-0.22549945	0.6386581	1.1948984	-1.1948984	-3.0	0	15	0	1	0	0	833.9310108	1665.847469	67.88916	-.FQSVESGANNVVFIR.-	sp|Q99J36|THUM1_MOUSE	-0.09319413207086	0.6425855513307985	0.6425855513307985	1.0
2023_05_31_mouse_tcell_10FC+PRTC_100fmol_100ng_60k_PRM_50cm_wtrap_01.mzml:5016.734:MDSNTQGIENPGFETTPPFQGMPEAK+3	1	37173	2.75631	0.22575814	0.47177926	2.75631	2.4592786	1.0948299	0.55247855	1	1	3.1475487	-2.3606615	0.0	10.0	10.0	-2.8109226	0	26	0	0	1	0	941.7581927	2822.252749	83.61223	-.MDSNTQGIENPGFETTPPFQGMPEAK.-	sp|Q9D659|VISTA_MOUSE	-0.1071635846137499	0.6754716981132075	0.6754716981132075	1.0
