id	Label	ScanNr	primary	xCorrLib	xCorrModel	LogDotProduct	logWeightedDotProduct	sumOfSquaredErrors	weightedSumOfSquaredErrors	numberOfMatchingPeaks	numberOfMatchingPeaksAboveThreshold	averageAbsFragmentDeltaMass	averageFragmentDeltaMasses	isotopeDotProduct	averageAbsParentDeltaMass	averageParentDeltaMass	eValue	numMissedCleavage	pepLength	charge1	charge2	charge3	charge4	precursorMz	precursorMass	RTinMin	sequence	Proteins	score	pyIsoPEP FDR	pyIsoPEP q-value from FDR	pyIsoPEP PEP
2023_05_31_mouse_tcell_3FC+PRTC_100fmol_100ng_60k_PRM_50cm_wtrap_01.mzml:2470.5364:SENVEGTPAEDGAEPGSLR+2	1	18381	11.408613	1.5773205	2.2763083	5.8488503	5.5558877	0.003327834	0.001695116	9	9	0.47428802	0.25175467	0.0	10.0	10.0	1.1005902	0	19	0	1	0	0	957.9374158	1913.860279	41.175606	-.SENVEGTPAEDGAEPGSLR.-	sp|Q01320|TOP2A_MOUSE	0.012080540558266	0.3333333333333333	0.010309278350515464	0.003577566620548492
2023_05_31_mouse_tcell_3FC+PRTC_100fmol_100ng_60k_PRM_50cm_wtrap_01.mzml:2844.0742:GILAADESTGSIAK+2	1	21142	13.741154	1.8030797	2.8670197	7.1813903	6.883821	0.000697	0.000351	10	7	0.33362198	0.24946055	0.995282	3.3323262	3.296274	-1.4007804	0	14	0	1	0	0	666.8539068	1331.693261	47.401237	-.GILAADESTGSIAK.-	sp|P05064|ALDOA_MOUSE	0.00962051407377	0.2	0.010309278350515464	0.0035775666205484936
2023_05_31_mouse_tcell_3FC+PRTC_100fmol_100ng_60k_PRM_50cm_wtrap_01.mzml:1354.4685:VDQQVQDNENAPQR+2	1	10131	12.593168	1.9033996	2.95129	6.0334053	5.7156763	0.002121136	0.00104195	10	10	0.54937345	-0.37564224	0.60822827	3.000468	3.000468	-0.35170794	0	14	0	1	0	0	820.8847898	1639.755027	22.574474	-.VDQQVQDNENAPQR.-	sp|E9PVX6|KI67_MOUSE	0.007964157248194	0.14285714285714285	0.010309278350515464	0.003577566620548496
2023_05_31_mouse_tcell_3FC+PRTC_100fmol_100ng_60k_PRM_50cm_wtrap_01.mzml:2298.2688:EIVHIQAGQC[+57.0214635]GNQIGAK+3	1	17108	12.585548	1.5739955	2.0342085	6.0257845	5.5510545	0.004265642	0.001408896	10	2	0.7091653	-0.265086	0.6822628	0.35685185	-0.35685185	-0.9871936	0	17	0	0	1	0	608.312466	1821.915569	38.30448	-.EIVHIQAGQC[+57.0214635]GNQIGAK.-	sp|P99024|TBB5_MOUSE;sp|Q7TMM9|TBB2A_MOUSE;sp|Q9CWF2|TBB2B_MOUSE;sp|Q9ERD7|TBB3_MOUSE	0.007754463659348	0.1111111111111111	0.010309278350515464	0.0035775666205484996
2023_05_31_mouse_tcell_3FC+PRTC_100fmol_100ng_60k_PRM_50cm_wtrap_01.mzml:2298.2688:EIVHLQAGQC[+57.0214635]GNQIGAK+3	1	17108	12.585548	1.5739955	2.0342085	6.0257845	5.5510545	0.004265642	0.001408896	10	2	0.7091653	-0.265086	0.6822628	0.35685185	-0.35685185	-0.9871936	0	17	0	0	1	0	608.312466	1821.915569	38.30448	-.EIVHLQAGQC[+57.0214635]GNQIGAK.-	sp|P68372|TBB4B_MOUSE;sp|Q9D6F9|TBB4A_MOUSE	0.007754463659348	0.09090909090909091	0.010309278350515464	0.0035775666205485035
2023_05_31_mouse_tcell_3FC+PRTC_100fmol_100ng_60k_PRM_50cm_wtrap_01.mzml:3945.0605:IMNTFSVVPSPK+2	1	29274	12.934518	2.077039	2.728458	6.3747544	6.0766463	0.011222678	0.005649217	10	10	0.7315609	0.47475272	0.95823985	4.6299334	4.6299334	-0.83484626	0	12	0	1	0	0	660.3550308	1318.695509	65.75101	-.IMNTFSVVPSPK.-	sp|P68372|TBB4B_MOUSE;sp|P99024|TBB5_MOUSE;sp|Q9D6F9|TBB4A_MOUSE;sp|Q9ERD7|TBB3_MOUSE	0.006540645345237	0.07692307692307693	0.010309278350515464	0.0035775666205485075
2023_05_31_mouse_tcell_3FC+PRTC_100fmol_100ng_60k_PRM_50cm_wtrap_01.mzml:1955.2318:VEIIANDQGNR+2	1	14572	13.458914	2.0797698	2.680032	6.8991504	6.6036224	0.001803243	0.000913	10	8	0.6755927	0.50669456	0.97904664	2.479063	2.232242	-0.62140226	0	11	0	1	0	0	614.8176583	1227.620764	32.587196	-.VEIIANDQGNR.-	sp|P16627|HS71L_MOUSE;sp|P17156|HSP72_MOUSE;sp|P17879|HS71B_MOUSE;sp|P20029|BIP_MOUSE;sp|P63017|HSP7C_MOUSE;sp|Q61696|HS71A_MOUSE	0.0065204754910719	0.06666666666666667	0.010309278350515464	0.0035775666205485114
2023_05_31_mouse_tcell_3FC+PRTC_100fmol_100ng_60k_PRM_50cm_wtrap_01.mzml:1795.184:FNAHGDANTIVC[+57.0214635]NTK+3	1	13389	12.877313	1.8424577	2.2490244	6.317549	6.0201955	0.001791822	0.000904	10	6	1.3846741	-1.0385056	0.9947722	2.5506277	2.5506277	-1.426261	0	15	0	0	1	0	554.5948614	1660.762755	29.919733	-.FNAHGDANTIVC[+57.0214635]NTK.-	sp|P16045|LEG1_MOUSE	0.0043662394708879	0.058823529411764705	0.010309278350515464	0.003577566620548515
2023_05_31_mouse_tcell_3FC+PRTC_100fmol_100ng_60k_PRM_50cm_wtrap_01.mzml:1294.826:SC[+57.0214635]C[+57.0214635]SC[+57.0214635]C[+57.0214635]PVGC[+57.0214635]SK+2	1	9690	11.909845	1.9910935	2.4398642	6.3500814	6.052189	0.00159258	0.000802	9	9	0.45902154	-0.14713159	0.9402865	4.2963696	-0.15013766	-0.52253866	0	12	0	1	0	0	731.2560258	1460.497499	21.580435	-.SC[+57.0214635]C[+57.0214635]SC[+57.0214635]C[+57.0214635]PVGC[+57.0214635]SK.-	sp|P02802|MT1_MOUSE	0.0036610124825299	0.05263157894736842	0.010309278350515464	0.0035775666205485183
2023_05_31_mouse_tcell_3FC+PRTC_100fmol_100ng_60k_PRM_50cm_wtrap_01.mzml:1250.0256:AAADDGEEPKSEPETK+3	1	9359	10.953411	1.12824	0.61152536	5.393648	5.0958633	0.01230646	0.00619938	9	0	1.4624752	1.0600185	0.73077935	0.85522866	-0.85522866	1.8669558	1	16	0	0	1	0	558.5882064	1672.74279	20.833761	-.AAADDGEEPKSEPETK.-	sp|P28352|APEX1_MOUSE	0.0033381936065299	0.047619047619047616	0.010309278350515464	0.003577566620548521
2023_05_31_mouse_tcell_3FC+PRTC_100fmol_100ng_60k_PRM_50cm_wtrap_01.mzml:2716.2651:ADDGRPFPQVIK+3	1	20197	13.199564	1.3903557	1.141411	6.639801	6.3416924	0.008774257	0.004416742	10	3	1.0620457	-0.79653424	0.99392754	4.37516	4.10702	-1.7115786	0	12	0	0	1	0	448.2419767	1341.704101	45.271084	-.ADDGRPFPQVIK.-	sp|P05064|ALDOA_MOUSE	0.003321615814218	0.043478260869565216	0.010309278350515464	0.0035775666205485226
2023_05_31_mouse_tcell_3FC+PRTC_100fmol_100ng_60k_PRM_50cm_wtrap_01.mzml:2149.1846:EAESSPFVER+2	1	16006	11.75499	1.9288689	2.1970816	6.1952267	5.8966866	0.005570572	0.002801301	9	6	0.47150704	0.054156005	0.96882033	3.2308002	0.13042033	-1.7398582	0	10	0	1	0	0	575.7723848	1149.530217	35.819744	-.EAESSPFVER.-	sp|P08113|ENPL_MOUSE	0.0018269806130879	0.04	0.010309278350515464	0.003577566620548523
2023_05_31_mouse_tcell_3FC+PRTC_100fmol_100ng_60k_PRM_50cm_wtrap_01.mzml:2560.6335:LLTTQSEDTQGPGLK+2	1	19047	9.167185	1.5876867	1.8068022	5.4647546	5.1736	0.021275336	0.010882334	7	7	1.7526144	-1.3144608	0.0	10.0	10.0	1.0490041	0	15	0	1	0	0	794.4148608	1586.815169	42.677227	-.LLTTQSEDTQGPGLK.-	sp|O54824|IL16_MOUSE	0.0013109951808139	0.037037037037037035	0.010309278350515464	0.003577566620548588
2023_05_31_mouse_tcell_3FC+PRTC_100fmol_100ng_60k_PRM_50cm_wtrap_01.mzml:1311.3267:ESKDPADETEAD+2	1	9812	9.410944	1.3857036	1.6877873	5.7085133	5.4105124	0.010640918	0.005357702	7	1	1.7931585	1.3448689	0.0	10.0	10.0	-0.91767645	1	12	0	1	0	0	653.7676938	1305.520835	21.855444	-.ESKDPADETEAD.-	sp|P54227|STMN1_MOUSE	0.0006208897041319	0.034482758620689655	0.010309278350515464	0.0035775666205487677
2023_05_31_mouse_tcell_3FC+PRTC_100fmol_100ng_60k_PRM_50cm_wtrap_01.mzml:2823.9268:SGYLLPDTK+2	1	20993	11.78904	1.7538029	1.9455456	6.2292767	5.9303045	0.007420012	0.003727629	9	5	0.3228286	-0.22909369	0.9760908	3.0032942	2.5706317	-0.104619026	0	9	0	1	0	0	497.2662033	992.5178537	47.065445	-.SGYLLPDTK.-	sp|P08113|ENPL_MOUSE	0.0004814022916149	0.03225806451612903	0.010309278350515464	0.0035775666205490417
2023_05_31_mouse_tcell_3FC+PRTC_100fmol_100ng_60k_PRM_50cm_wtrap_01.mzml:3396.9163:SKESVPDFPLSPPK+3	1	25227	10.467643	1.3513165	1.2556963	5.862122	5.557421	0.013662433	0.006756324	8	4	1.0588031	-0.028532505	0.72843146	0.25748017	-0.25748017	-1.2308373	1	14	0	0	1	0	509.9399627	1526.798059	56.615273	-.SKESVPDFPLSPPK.-	sp|P54227|STMN1_MOUSE	-0.000993277079573	0.030303030303030304	0.010309278350515464	0.003577566620549389
2023_05_31_mouse_tcell_3FC+PRTC_100fmol_100ng_60k_PRM_50cm_wtrap_01.mzml:1971.0247:DPPGPQPQASSSIR+2	1	14689	8.25505	1.8307029	1.8898932	5.397717	5.1024036	0.012944344	0.006557928	6	6	1.8870292	-1.3878397	0.0	10.0	10.0	-0.8616476	0	14	0	1	0	0	718.8600548	1435.705557	32.85041	-.DPPGPQPQASSSIR.-	sp|O54824|IL16_MOUSE	-0.001400381184284	0.02857142857142857	0.010309278350515464	0.0035775666205497885
2023_05_31_mouse_tcell_3FC+PRTC_100fmol_100ng_60k_PRM_50cm_wtrap_01.mzml:4570.739:LAVNMVPFPR+2	1	33889	10.884016	1.7440482	2.0107577	6.2784953	5.9840384	0.008462911	0.004295984	8	8	1.0519476	0.54219055	0.8134901	2.2282357	2.2282357	-0.89656687	0	10	0	1	0	0	572.3207943	1142.627036	76.17898	-.LAVNMVPFPR.-	sp|A2AQ07|TBB1_MOUSE;sp|P68372|TBB4B_MOUSE;sp|P99024|TBB5_MOUSE;sp|Q7TMM9|TBB2A_MOUSE;sp|Q922F4|TBB6_MOUSE;sp|Q9CWF2|TBB2B_MOUSE;sp|Q9D6F9|TBB4A_MOUSE;sp|Q9ERD7|TBB3_MOUSE	-0.001864455604496	0.02702702702702703	0.010309278350515464	0.00357756662055022
2023_05_31_mouse_tcell_3FC+PRTC_100fmol_100ng_60k_PRM_50cm_wtrap_01.mzml:2827.7002:TQQVIPMVK+2	1	21021	10.997785	1.5369195	1.705289	6.392264	6.093508	0.012204307	0.00613419	8	3	1.1565871	0.28375	0.9769755	4.9039955	1.4533741	-0.6921592	0	9	0	1	0	0	522.2995283	1042.584504	47.128338	-.TQQVIPMVK.-	sp|P04187|GRAB_MOUSE	-0.0021318465460219	0.02564102564102564	0.010309278350515464	0.0035775666205506615
2023_05_31_mouse_tcell_3FC+PRTC_100fmol_100ng_60k_PRM_50cm_wtrap_01.mzml:1655.7351:DREC[+57.0214635]ESYFK+2	1	12358	9.664698	1.1214164	1.2750479	5.9622674	5.6634035	0.005064784	0.002545054	7	1	0.3169464	-0.121872246	0.0	10.0	10.0	-0.84664655	1	9	0	1	0	0	617.2638658	1232.513179	27.595585	-.DREC[+57.0214635]ESYFK.-	sp|P04187|GRAB_MOUSE	-0.0027979820206699	0.024390243902439025	0.010309278350515464	0.0035775666205510926
2023_05_31_mouse_tcell_3FC+PRTC_100fmol_100ng_60k_PRM_50cm_wtrap_01.mzml:3565.392:DLSLEEIQK+2	1	26471	10.277714	1.63511	1.7115886	5.6721926	5.372788	0.00538583	0.002703013	8	7	0.648083	-0.19877197	0.9829718	2.7205586	2.2055726	-1.0901172	0	9	0	1	0	0	537.7875038	1073.560455	59.423203	-.DLSLEEIQK.-	sp|P54227|STMN1_MOUSE;sp|P55821|STMN2_MOUSE	-0.005064924872735	0.023255813953488372	0.010309278350515464	0.0035775666205514925
2023_05_31_mouse_tcell_3FC+PRTC_100fmol_100ng_60k_PRM_50cm_wtrap_01.mzml:3785.2676:SFVLNLGK+2	1	28094	12.143755	1.2984809	1.4031951	6.5839915	6.2850194	0.008061674	0.004049983	9	7	0.3057833	0.1606323	0.99033034	2.1158698	1.2494372	-1.1945031	0	8	0	1	0	0	439.2607278	876.5069027	63.08779	-.SFVLNLGK.-	sp|P16045|LEG1_MOUSE	-0.0052831401010189	0.022222222222222223	0.010309278350515464	0.00357756662055184
2023_05_31_mouse_tcell_3FC+PRTC_100fmol_100ng_60k_PRM_50cm_wtrap_01.mzml:2114.2698:LTPEEIER+2	1	15748	10.132601	1.6934711	1.7138859	6.4301705	6.130874	0.027418151	0.013763912	7	3	0.41245413	-0.2606188	0.9865442	7.379796	2.4308426	-0.96103144	0	8	0	1	0	0	493.7612893	985.5080257	35.23783	-.LTPEEIER.-	sp|P20029|BIP_MOUSE	-0.005529268274086	0.02127659574468085	0.010309278350515464	0.003577566620552114
2023_05_31_mouse_tcell_3FC+PRTC_100fmol_100ng_60k_PRM_50cm_wtrap_01.mzml:1709.9678:NMMAAC[+57.0214635]DPR+2	1	12759	9.826517	1.3387917	1.5388894	6.124086	5.8253303	0.06648915	0.033419114	7	2	1.1049469	-0.82871014	0.0	10.0	10.0	-1.510705	0	9	0	1	0	0	533.2173548	1064.420157	28.499462	-.NMMAAC[+57.0214635]DPR.-	sp|P68372|TBB4B_MOUSE;sp|P99024|TBB5_MOUSE;sp|Q7TMM9|TBB2A_MOUSE;sp|Q922F4|TBB6_MOUSE;sp|Q9CWF2|TBB2B_MOUSE;sp|Q9D6F9|TBB4A_MOUSE;sp|Q9ERD7|TBB3_MOUSE	-0.00638743879327	0.02040816326530612	0.010309278350515464	0.0035775666205522935
2023_05_31_mouse_tcell_3FC+PRTC_100fmol_100ng_60k_PRM_50cm_wtrap_01.mzml:2506.6533:AIGNIVTGTDEQTQK+2	1	18648	8.26565	0.87029904	0.86168635	5.408317	5.110963	0.038241953	0.019283505	6	6	1.1543983	-0.49838385	0.0	10.0	10.0	-0.66242933	0	15	0	1	0	0	787.9046603	1573.794768	41.777554	-.AIGNIVTGTDEQTQK.-	sp|P52293|IMA1_MOUSE	-0.006566943585823	0.0196078431372549	0.010309278350515464	0.003577566620552358
2023_05_31_mouse_tcell_3FC+PRTC_100fmol_100ng_60k_PRM_50cm_wtrap_01.mzml:2643.0522:NQLTSNPENTVFDAKR+3	1	19656	8.347419	0.84146506	0.9475833	5.490086	5.193485	0.054918714	0.027740816	6	1	1.6934695	-0.014062285	0.0	10.0	10.0	-1.1429608	1	16	0	0	1	0	611.9745064	1832.90169	44.05087	-.NQLTSNPENTVFDAKR.-	sp|P20029|BIP_MOUSE	-0.0079711742329289	0.018867924528301886	0.010309278350515464	0.0035775666205524106
2023_05_31_mouse_tcell_3FC+PRTC_100fmol_100ng_60k_PRM_50cm_wtrap_01.mzml:4171.5474:TNIIPVIEDAR+2	1	30946	9.553389	1.105434	1.4532722	5.8509583	5.378158	0.012155704	0.004092421	7	7	1.5907646	-0.075985044	0.81358254	3.968448	-3.968448	-0.66602373	0	11	0	1	0	0	620.8484273	1239.682302	69.52579	-.TNIIPVIEDAR.-	sp|P35550|FBRL_MOUSE	-0.008001707715963	0.01818181818181818	0.010309278350515464	0.0035775666205525563
2023_05_31_mouse_tcell_3FC+PRTC_100fmol_100ng_60k_PRM_50cm_wtrap_01.mzml:4171.5474:TNIIPVLEDAR+2	1	30946	9.553389	1.105434	1.4532722	5.8509583	5.378158	0.012155704	0.004092421	7	7	1.5907646	-0.075985044	0.81358254	3.968448	-3.968448	-0.66602373	0	11	0	1	0	0	620.8484273	1239.682302	69.52579	-.TNIIPVLEDAR.-	sp|Q80WS3|FBLL1_MOUSE	-0.008001707715963	0.017543859649122806	0.010309278350515464	0.003577566620552779
2023_05_31_mouse_tcell_3FC+PRTC_100fmol_100ng_60k_PRM_50cm_wtrap_01.mzml:2721.144:LLEFQNDR+2	1	20233	9.477867	1.0828953	1.5763061	5.7754364	5.4694595	0.032743398	0.01643759	7	3	0.7323127	0.09794789	0.0	10.0	10.0	-1.1381845	0	8	0	1	0	0	517.7669058	1033.519259	45.3524	-.LLEFQNDR.-	sp|P29391|FRIL1_MOUSE	-0.008664358126868	0.01694915254237288	0.010309278350515464	0.003577566620553061
2023_05_31_mouse_tcell_3FC+PRTC_100fmol_100ng_60k_PRM_50cm_wtrap_01.mzml:1360.2772:GDSVSDNGSEAVR+2	1	10174	7.885058	1.0281332	1.2140176	5.027725	4.6817455	0.052921925	0.019160092	6	4	1.7688404	-1.0369915	0.0	10.0	10.0	-1.4578199	0	13	0	1	0	0	646.7892943	1291.564036	22.671288	-.GDSVSDNGSEAVR.-	sp|Q61823|PDCD4_MOUSE	-0.0097745917918399	0.01639344262295082	0.010309278350515464	0.003577566620553386
2023_05_31_mouse_tcell_3FC+PRTC_100fmol_100ng_60k_PRM_50cm_wtrap_01.mzml:3639.07:LFIIQAC[+57.0214635]R+2	1	27015	9.213583	1.0008503	1.0739096	5.5111523	5.040925	0.023945209	0.008109444	7	5	0.90481836	-0.6786138	0.0	10.0	10.0	1.470767	0	8	0	1	0	0	510.7865878	1019.558623	60.65117	-.LFIIQAC[+57.0214635]R.-	sp|P70677|CASP3_MOUSE	-0.010196507154604	0.015873015873015872	0.010309278350515464	0.0035775666205537355
2023_05_31_mouse_tcell_3FC+PRTC_100fmol_100ng_60k_PRM_50cm_wtrap_01.mzml:3639.07:IFIIQAC[+57.0214635]R+2	1	27015	9.213041	1.0008503	1.0739096	5.510611	5.0403833	0.02406285	0.008149287	7	5	0.90481836	-0.6786138	0.0	10.0	10.0	1.4681101	0	8	0	1	0	0	510.7865878	1019.558623	60.65117	-.IFIIQAC[+57.0214635]R.-	sp|O08738|CASP6_MOUSE	-0.0102013042793749	0.015384615384615385	0.010309278350515464	0.003577566620554094
2023_05_31_mouse_tcell_3FC+PRTC_100fmol_100ng_60k_PRM_50cm_wtrap_01.mzml:2008.2417:YVVVSTPEK+2	1	14964	7.5593195	1.0711378	1.2265091	5.4801383	5.1879215	0.029698398	0.015153606	5	1	0.940316	-0.70523703	0.0	10.0	10.0	-0.66725206	0	9	0	1	0	0	511.2818533	1020.549154	33.470695	-.YVVVSTPEK.-	sp|P18572|BASI_MOUSE	-0.011637318423088	0.014925373134328358	0.010309278350515464	0.0035775666205544437
2023_05_31_mouse_tcell_3FC+PRTC_100fmol_100ng_60k_PRM_50cm_wtrap_01.mzml:1529.3307:VGTQTFC[+57.0214635]SR+2	1	11424	9.155533	0.46697798	0.6066709	5.4531016	5.15413	0.026469007	0.01329737	7	0	3.5850458	-2.3597877	0.87281996	6.206157	-6.206157	1.4913788	0	9	0	1	0	0	528.2505668	1054.486581	25.488844	-.VGTQTFC[+57.0214635]SR.-	sp|Q3U7R1|ESYT1_MOUSE	-0.012093581315582	0.014492753623188406	0.010309278350515464	0.0035775666205547685
2023_05_31_mouse_tcell_3FC+PRTC_100fmol_100ng_60k_PRM_50cm_wtrap_01.mzml:1971.9946:SETMETEDVPTSSR+2	1	14696	6.6370354	0.44463873	0.49424663	5.858884	5.5592628	0.021387596	0.010728553	3	2	0.51154417	0.21094921	0.0	10.0	10.0	-1.4265156	0	14	0	1	0	0	784.8408673	1567.667182	32.866577	-.SETMETEDVPTSSR.-	sp|Q62351|TFR1_MOUSE	-0.0121549753388309	0.014084507042253521	0.010309278350515464	0.0035775666205550504
2023_05_31_mouse_tcell_3FC+PRTC_100fmol_100ng_60k_PRM_50cm_wtrap_01.mzml:1640.2954:ESTDVEPGVGR+2	1	12244	7.34015	0.6574515	0.9078407	5.260968	4.7940965	0.05356142	0.020661054	5	1	0.90573096	-0.42511433	0.0	10.0	10.0	0.60528183	0	11	0	1	0	0	573.2752923	1144.536032	27.338257	-.ESTDVEPGVGR.-	sp|Q8C147|DOCK8_MOUSE	-0.0135133020614499	0.0136986301369863	0.010309278350515464	0.003577566620555273
2023_05_31_mouse_tcell_3FC+PRTC_100fmol_100ng_60k_PRM_50cm_wtrap_01.mzml:4130.3574:ELILFSNSDNER+2	1	30642	6.6273704	0.9178057	0.9091092	5.247159	4.9518456	0.07127997	0.035702363	4	4	3.8076165	-2.8557124	0.0	10.0	10.0	-1.8431574	0	12	0	1	0	0	718.8544368	1435.694321	68.83929	-.ELILFSNSDNER.-	sp|Q01320|TOP2A_MOUSE;sp|Q64511|TOP2B_MOUSE	-0.0137057472786549	0.013333333333333334	0.010309278350515464	0.003577566620555419
2023_05_31_mouse_tcell_3FC+PRTC_100fmol_100ng_60k_PRM_50cm_wtrap_01.mzml:2310.8657:ENSSFSLAGNQQTR+2	1	17201	6.403411	0.6475712	0.8040752	5.0231996	4.725199	0.07764961	0.039096575	4	4	1.0743747	-0.72933555	0.0	10.0	10.0	-1.2287946	0	14	0	1	0	0	769.8633253	1537.712098	38.514427	-.ENSSFSLAGNQQTR.-	sp|O35892|SP100_MOUSE	-0.0137578210464849	0.012987012987012988	0.010309278350515464	0.003577566620555471
2023_05_31_mouse_tcell_3FC+PRTC_100fmol_100ng_60k_PRM_50cm_wtrap_01.mzml:2393.9404:TILIEANR+2	1	17815	9.313334	0.21455063	0.3702241	5.6109037	5.311499	0.04222122	0.021189768	7	0	1.0812558	-0.20915729	0.44178277	2.7136576	2.7136576	1.0786304	0	8	0	1	0	0	465.2743668	928.5341807	39.899006	-.TILIEANR.-	sp|Q9JL26|FMNL1_MOUSE	-0.0139361293726999	0.012658227848101266	0.010309278350515464	0.007687172569742424
2023_05_31_mouse_tcell_3FC+PRTC_100fmol_100ng_60k_PRM_50cm_wtrap_01.mzml:1469.0034:LEC[+57.0214635]EDIK+2	1	10978	8.906824	0.56760585	0.80959445	6.049492	5.749871	0.03876921	0.019447608	6	0	1.4839859	-0.7762343	0.0	10.0	10.0	0.66112995	0	7	0	1	0	0	453.7154933	905.4164337	24.48339	-.LEC[+57.0214635]EDIK.-	sp|E9PVX6|KI67_MOUSE	-0.01440029003022	0.012345679012345678	0.010309278350515464	0.0193067311397987
2023_05_31_mouse_tcell_3FC+PRTC_100fmol_100ng_60k_PRM_50cm_wtrap_01.mzml:1289.1125:AAATPESQEPQAK+2	1	9648	6.2532415	0.99940985	1.2711502	4.87303	4.5516243	0.080190055	0.036721576	4	4	1.2052716	-0.5682778	0.0	10.0	10.0	-1.7415283	0	13	0	1	0	0	664.3280568	1326.641561	21.485209	-.AAATPESQEPQAK.-	sp|P28667|MRP_MOUSE	-0.0148125553014999	0.012048192771084338	0.010309278350515464	0.037542848059504384
2023_05_31_mouse_tcell_3FC+PRTC_100fmol_100ng_60k_PRM_50cm_wtrap_01.mzml:3114.311:IC[+57.0214635]DFGLAR+2	1	23139	7.655921	0.95596	1.0547925	5.57674	5.2772274	0.058912348	0.029559273	5	2	1.2441983	-0.7742106	0.0	10.0	10.0	-1.1800737	0	8	0	1	0	0	476.2394703	950.4643877	51.905186	-.IC[+57.0214635]DFGLAR.-	sp|O54949|NLK_MOUSE;sp|P05532|KIT_MOUSE;sp|P05622|PGFRB_MOUSE;sp|P26618|PGFRA_MOUSE;sp|P35917|VGFR3_MOUSE;sp|P35918|VGFR2_MOUSE;sp|P35969|VGFR1_MOUSE;sp|P63085|MK01_MOUSE;sp|Q00342|FLT3_MOUSE;sp|Q63844|MK03_MOUSE	-0.014846299718493	0.011764705882352941	0.010309278350515464	0.06161687335024194
2023_05_31_mouse_tcell_3FC+PRTC_100fmol_100ng_60k_PRM_50cm_wtrap_01.mzml:3187.5361:IVAPGKGILAADESTGSIAK+3	1	23680	6.747579	0.5843815	0.6435929	5.3673677	5.071411	0.15016785	0.07596617	4	4	1.3176339	0.7787545	0.0	10.0	10.0	-1.3443775	1	20	0	0	1	0	633.3579577	1897.052044	53.125603	-.IVAPGKGILAADESTGSIAK.-	sp|P05064|ALDOA_MOUSE	-0.0158357729486499	0.011494252873563218	0.010309278350515464	0.09074057313047929
2023_05_31_mouse_tcell_3FC+PRTC_100fmol_100ng_60k_PRM_50cm_wtrap_01.mzml:2403.6614:IVGLQYK+2	1	17887	8.268204	0.6126301	0.94191545	5.4108706	5.111033	0.031871986	0.015979817	6	0	2.0705364	0.54623526	0.8975395	0.724247	0.724247	0.3542204	0	7	0	1	0	0	410.7499923	819.4854317	40.061024	-.IVGLQYK.-	sp|Q01320|TOP2A_MOUSE;sp|Q64511|TOP2B_MOUSE	-0.0168281856215109	0.011235955056179775	0.010309278350515464	0.12399934924466767
2023_05_31_mouse_tcell_3FC+PRTC_100fmol_100ng_60k_PRM_50cm_wtrap_01.mzml:1765.8586:FVSNITR+2	1	13172	8.259653	0.52676326	1.0382847	5.4023204	5.1025915	0.08686469	0.043562643	6	0	2.7470925	-2.0603194	0.0	10.0	10.0	3.2694988	0	7	0	1	0	0	418.7348773	835.4552017	29.430977	-.FVSNITR.-	sp|P13864|DNMT1_MOUSE	-0.016940949734055	0.01098901098901099	0.010309278350515464	0.16023657272882272
2023_05_31_mouse_tcell_3FC+PRTC_100fmol_100ng_60k_PRM_50cm_wtrap_01.mzml:3438.1108:FFLQDPR+2	1	25531	7.548027	0.6187626	0.81152993	5.4688454	5.169657	0.062633954	0.031450078	5	1	1.4510126	-1.0882595	0.0	10.0	10.0	-0.040058136	0	7	0	1	0	0	461.7427028	921.4708527	57.301846	-.FFLQDPR.-	sp|Q3U7R1|ESYT1_MOUSE	-0.017196345990892	0.010752688172043012	0.010309278350515464	0.19794175006191542
2023_05_31_mouse_tcell_3FC+PRTC_100fmol_100ng_60k_PRM_50cm_wtrap_01.mzml:4818.828:ASGQAFELILSPR+2	1	35716	6.210573	0.72613204	0.7404557	5.4324217	5.1347446	0.18360642	0.09251469	3	3	1.9170657	0.2540325	0.0	10.0	10.0	-3.0	0	13	0	1	0	0	694.8802588	1387.745965	80.313805	-.ASGQAFELILSPR.-	sp|P54227|STMN1_MOUSE	-0.01729239902109	0.010526315789473684	0.010309278350515464	0.23515648663559666
2023_05_31_mouse_tcell_3FC+PRTC_100fmol_100ng_60k_PRM_50cm_wtrap_01.mzml:4908.6167:DSC[+57.0214635]NGDSGSPLLC[+57.0214635]DGILR+2	1	36377	0.0	0.0	-0.003313672	0.0	0.0	0.113314964	0.05706825	0	0	0.0	0.0	0.0	10.0	10.0	-3.0	0	18	0	1	0	0	968.4303893	1934.846226	81.81028	-.DSC[+57.0214635]NGDSGSPLLC[+57.0214635]DGILR.-	sp|P11032|GRAA_MOUSE	-0.0179751057673819	0.010309278350515464	0.010309278350515464	0.26942569945432987
2023_05_31_mouse_tcell_3FC+PRTC_100fmol_100ng_60k_PRM_50cm_wtrap_01.mzml:1834.299:MAELC[+57.0214635]DSPR+2	1	13678	7.163518	0.20568806	0.40512612	5.0843363	4.785148	0.08996882	0.044097435	5	0	2.95004	-1.9036039	0.0	10.0	10.0	5.3342	0	9	0	1	0	0	539.7364343	1077.458316	30.57165	-.MAELC[+57.0214635]DSPR.-	sp|O89110|CASP8_MOUSE	-0.018048933073695	0.030303030303030304	0.02857142857142857	0.3171725908283579
2023_05_31_mouse_tcell_3FC+PRTC_100fmol_100ng_60k_PRM_50cm_wtrap_01.mzml:1829.6914:VETQNPSLSSPETK+2	1	13644	5.528592	0.32189205	0.31435293	4.7504406	4.4517927	0.15651667	0.078688756	3	0	2.5840557	-1.3961661	0.0	10.0	10.0	-2.117852	0	14	0	1	0	0	758.8781098	1515.741667	30.494856	-.VETQNPSLSSPETK.-	sp|E9Q394|AKP13_MOUSE	-0.01860488053487	0.0297029702970297	0.02857142857142857	0.32426085234119806
2023_05_31_mouse_tcell_3FC+PRTC_100fmol_100ng_60k_PRM_50cm_wtrap_01.mzml:5773.915:WASSLENLLEDPEGVQR+2	1	42744	0.0	-0.001618364	-0.003236728	0.0	0.0	0.13992509	0.07018992	0	0	0.0	0.0	0.0	10.0	10.0	-3.0	0	17	0	1	0	0	971.9788863	1941.94322	96.23192	-.WASSLENLLEDPEGVQR.-	sp|Q9CQE5|RGS10_MOUSE	-0.0188696051731	0.02912621359223301	0.02857142857142857	0.32688057134713755
2023_05_31_mouse_tcell_3FC+PRTC_100fmol_100ng_60k_PRM_50cm_wtrap_01.mzml:2652.1082:LQLVPGHEGLR+3	1	19723	6.502841	0.7958839	0.8956092	5.1226296	4.8234415	0.064421356	0.032347575	4	4	1.4985613	-1.0404996	0.53242666	5.945337	-5.945337	-1.3221631	0	11	0	0	1	0	406.9032954	1217.688057	44.2018	-.LQLVPGHEGLR.-	sp|P13379|CD5_MOUSE	-0.018874962982871	0.02857142857142857	0.02857142857142857	0.33427123306309114
2023_05_31_mouse_tcell_3FC+PRTC_100fmol_100ng_60k_PRM_50cm_wtrap_01.mzml:3479.2654:GINSNNLESQLQATQAAR+2	1	25835	0.0	0.0	-0.004854588	0.0	0.0	0.10582428	0.05390424	0	0	0.0	0.0	0.0	10.0	10.0	-3.0	0	18	0	1	0	0	957.9850348	1913.955517	57.987755	-.GINSNNLESQLQATQAAR.-	sp|P52293|IMA1_MOUSE	-0.019073942442332	0.04672897196261682	0.04672897196261682	0.36079979876481966
2023_05_31_mouse_tcell_3FC+PRTC_100fmol_100ng_60k_PRM_50cm_wtrap_01.mzml:3046.9275:EAAGEGPVLYEDPPDQK+2	1	22641	5.6061473	0.49925312	0.49517295	5.305117	5.0081935	0.3206078	0.16182679	2	2	1.4004873	-1.0503654	0.6739553	0.5338791	-0.5338791	-2.2477186	0	17	0	1	0	0	907.9257848	1813.837017	50.782124	-.EAAGEGPVLYEDPPDQK.-	sp|P28352|APEX1_MOUSE	-0.0192230854864599	0.06422018348623854	0.061946902654867256	0.39882862138135855
2023_05_31_mouse_tcell_3FC+PRTC_100fmol_100ng_60k_PRM_50cm_wtrap_01.mzml:2391.102:FLYDDNQR+2	1	17794	6.586062	0.5277347	0.7143871	5.2058506	4.9063377	0.053721797	0.02695491	4	1	1.2877303	-0.13990891	0.0	10.0	10.0	-1.2604747	0	8	0	1	0	0	535.7487088	1069.482865	39.8517	-.FLYDDNQR.-	sp|Q01320|TOP2A_MOUSE;sp|Q64511|TOP2B_MOUSE	-0.019369332683072	0.06306306306306306	0.061946902654867256	0.42045400805675376
2023_05_31_mouse_tcell_3FC+PRTC_100fmol_100ng_60k_PRM_50cm_wtrap_01.mzml:4385.586:LLSDLC[+57.0214635]GTVMSTNDVEK+2	1	32524	0.0	-0.001666667	-0.007423209	0.0	0.0	0.11573377	0.05840215	0	0	0.0	0.0	0.0	10.0	10.0	-2.47263	0	17	0	1	0	0	941.4502593	1880.885966	73.0931	-.LLSDLC[+57.0214635]GTVMSTNDVEK.-	sp|Q61823|PDCD4_MOUSE	-0.019517278238275	0.061946902654867256	0.061946902654867256	0.44275853538049387
2023_05_31_mouse_tcell_3FC+PRTC_100fmol_100ng_60k_PRM_50cm_wtrap_01.mzml:5504.321:GLPLVDDGGWNTVPISK+2	1	40761	0.0	0.0	-0.006666667	0.0	0.0	0.13482967	0.06800471	0	0	0.0	0.0	0.0	10.0	10.0	-3.0	0	17	0	1	0	0	884.4674268	1766.920301	91.73868	-.GLPLVDDGGWNTVPISK.-	sp|Q6NZJ6|IF4G1_MOUSE	-0.020076006960213	0.09565217391304348	0.09565217391304348	0.5038982262791734
2023_05_31_mouse_tcell_3FC+PRTC_100fmol_100ng_60k_PRM_50cm_wtrap_01.mzml:2410.7173:ISAASEEEAVGNGAATPK+2	1	17939	0.0	0.0	-0.006608333	0.0	0.0	0.116415724	0.05854255	0	0	0.0	0.0	0.0	10.0	10.0	-3.0	0	18	0	1	0	0	851.4181308	1700.821709	40.178623	-.ISAASEEEAVGNGAATPK.-	sp|E9Q394|AKP13_MOUSE	-0.021624263092511	0.1282051282051282	0.11450381679389313	0.5317165662685107
2023_05_31_mouse_tcell_3FC+PRTC_100fmol_100ng_60k_PRM_50cm_wtrap_01.mzml:4512.3896:TFSNDIMLLK+2	1	33459	6.6455765	0.44211364	0.43000636	5.8674254	5.568886	0.11844181	0.059561417	3	3	0.9634183	0.24152006	0.8448856	2.223856	2.223856	-1.3775635	0	10	0	1	0	0	591.3153743	1180.616196	75.2065	-.TFSNDIMLLK.-	sp|P04187|GRAB_MOUSE	-0.0217015598097449	0.12605042016806722	0.11450381679389313	0.534137705994846
2023_05_31_mouse_tcell_3FC+PRTC_100fmol_100ng_60k_PRM_50cm_wtrap_01.mzml:4715.0957:ATYSTNSPVWEEAFR+2	1	34952	0.0	0.0	0.0	0.0	0.0	0.11399475	0.05739635	0	0	0.0	0.0	0.0	10.0	10.0	-3.0	0	15	0	1	0	0	879.4101043	1756.805656	78.58493	-.ATYSTNSPVWEEAFR.-	sp|Q3U7R1|ESYT1_MOUSE	-0.02192269764085	0.12396694214876033	0.11450381679389313	0.5409181246225204
2023_05_31_mouse_tcell_3FC+PRTC_100fmol_100ng_60k_PRM_50cm_wtrap_01.mzml:5036.0317:SGEYSC[+57.0214635]IFLPEPVGR+2	1	37315	0.0	0.0	0.0	0.0	0.0	0.11442488	0.057612922	0	0	0.0	0.0	0.0	10.0	10.0	-3.0	0	15	0	1	0	0	855.9114258	1709.808299	83.93386	-.SGEYSC[+57.0214635]IFLPEPVGR.-	sp|P18572|BASI_MOUSE	-0.02197853106057	0.12195121951219512	0.11450381679389313	0.5513694126436512
2023_05_31_mouse_tcell_3FC+PRTC_100fmol_100ng_60k_PRM_50cm_wtrap_01.mzml:5607.8906:SPQENLVPC[+57.0214635]DVLLLR+2	1	41523	0.0	0.0	-0.006276096	0.0	0.0	0.14427729	0.072517365	0	0	0.0	0.0	0.0	10.0	10.0	-3.0	0	15	0	1	0	0	876.9692793	1751.924006	93.46484	-.SPQENLVPC[+57.0214635]DVLLLR.-	sp|Q9EPE9|AT131_MOUSE	-0.0220992901496489	0.12	0.11450381679389313	0.5648220874629923
2023_05_31_mouse_tcell_3FC+PRTC_100fmol_100ng_60k_PRM_50cm_wtrap_01.mzml:1947.917:FSESTPMGTSR+2	1	14518	5.9651575	0.37509096	1.015261	5.187006	4.888142	0.12543161	0.06302938	3	1	2.7680657	-1.7400465	0.0	10.0	10.0	-2.0087106	0	11	0	1	0	0	600.2716953	1198.528838	32.465282	-.FSESTPMGTSR.-	sp|Q9JL26|FMNL1_MOUSE	-0.0221353325840399	0.11811023622047244	0.11450381679389313	0.5805944326685188
2023_05_31_mouse_tcell_3FC+PRTC_100fmol_100ng_60k_PRM_50cm_wtrap_01.mzml:3033.7976:QILGVIDK+2	1	22544	6.2584543	0.35031578	0.379701	4.878243	4.5788383	0.099492945	0.049933016	4	0	1.3850765	0.5444646	0.0	10.0	10.0	-1.5166147	0	8	0	1	0	0	443.2738358	884.5331187	50.563293	-.QILGVIDK.-	sp|Q60865|CAPR1_MOUSE	-0.02245372914578	0.11627906976744186	0.11450381679389313	0.5979668616889232
2023_05_31_mouse_tcell_3FC+PRTC_100fmol_100ng_60k_PRM_50cm_wtrap_01.mzml:5028.5415:AILVDLEPGTMDSVR+2	1	37260	0.0	-0.001656682	-0.004651511	0.0	0.0	0.12075192	0.06084388	0	0	0.0	0.0	0.0	10.0	10.0	-3.0	0	15	0	1	0	0	808.4216308	1614.828709	83.80903	-.AILVDLEPGTMDSVR.-	sp|P99024|TBB5_MOUSE;sp|Q7TMM9|TBB2A_MOUSE;sp|Q9CWF2|TBB2B_MOUSE;sp|Q9ERD7|TBB3_MOUSE	-0.0227983344197629	0.11450381679389313	0.11450381679389313	0.6161617116937114
2023_05_31_mouse_tcell_3FC+PRTC_100fmol_100ng_60k_PRM_50cm_wtrap_01.mzml:3170.3594:FC[+57.0214635]LSC[+57.0214635]IR+2	1	23553	6.3616834	0.63296205	0.7856582	4.981472	4.6839027	0.18502611	0.09319759	4	1	2.250165	-1.6593864	0.0	10.0	10.0	-0.24213696	0	7	0	1	0	0	478.2280483	954.4415437	52.83932	-.FC[+57.0214635]LSC[+57.0214635]IR.-	sp|P13864|DNMT1_MOUSE	-0.0237981142546899	0.17293233082706766	0.17037037037037037	0.6871566197190339
2023_05_31_mouse_tcell_3FC+PRTC_100fmol_100ng_60k_PRM_50cm_wtrap_01.mzml:5527.5825:ALTVPELTQQMFDSK+2	1	40932	0.0	-0.001666667	-0.003333334	0.0	0.0	0.19236629	0.096664056	0	0	0.0	0.0	0.0	10.0	10.0	-3.0	0	15	0	1	0	0	854.4347388	1706.854925	92.12637	-.ALTVPELTQQMFDSK.-	sp|Q7TMM9|TBB2A_MOUSE;sp|Q9CWF2|TBB2B_MOUSE	-0.02386031567909	0.17037037037037037	0.17037037037037037	0.6900945636628519
2023_05_31_mouse_tcell_3FC+PRTC_100fmol_100ng_60k_PRM_50cm_wtrap_01.mzml:5211.1343:KVVEPELMGTPDGPC[+57.0214635]YPAPPVPR+3	1	38604	0.0	0.0	0.24583332	0.0	0.0	0.11680212	0.059569076	0	0	0.0	0.0	0.0	10.0	10.0	-3.0	1	23	0	0	1	0	836.087142	2505.239597	86.85224	-.KVVEPELMGTPDGPC[+57.0214635]YPAPPVPR.-	sp|B2RQC6|PYR1_MOUSE	-0.0242805099426599	0.18248175182481752	0.1773049645390071	0.7127891666778047
2023_05_31_mouse_tcell_3FC+PRTC_100fmol_100ng_60k_PRM_50cm_wtrap_01.mzml:3093.7385:GASFEEDSGGPLVC[+57.0214635]K+2	1	22987	0.0	-0.001525161	-0.006108236	0.0	0.0	0.108744025	0.054711845	0	0	0.0	0.0	0.0	10.0	10.0	-3.0	0	15	0	1	0	0	776.8510383	1551.687524	51.56231	-.GASFEEDSGGPLVC[+57.0214635]K.-	sp|P08882|GRAC_MOUSE	-0.024438637860821	0.17985611510791366	0.1773049645390071	0.739421808900293
2023_05_31_mouse_tcell_3FC+PRTC_100fmol_100ng_60k_PRM_50cm_wtrap_01.mzml:5373.672:RPPGPPLPVTTDLAL+2	1	39800	0.0	-0.000756	-0.007975012	0.0	0.0	0.17850628	0.089855604	0	0	0.0	0.0	0.0	10.0	10.0	-3.0	0	15	0	1	0	0	772.4457668	1542.876981	89.561195	-.RPPGPPLPVTTDLAL.-	sp|Q9JL26|FMNL1_MOUSE	-0.024647703096008	0.1773049645390071	0.1773049645390071	0.7749916644445948
2023_05_31_mouse_tcell_3FC+PRTC_100fmol_100ng_60k_PRM_50cm_wtrap_01.mzml:2669.985:LEEALLR+2	1	19855	6.921424	0.36074457	0.55138266	4.8422427	4.5424056	0.21338527	0.106986046	5	0	0.27961823	-0.027943246	0.2349806	3.8797567	3.8797567	-2.0462089	0	7	0	1	0	0	422.2503603	842.4861677	44.499752	-.LEEALLR.-	sp|P97313|PRKDC_MOUSE;sp|Q8C147|DOCK8_MOUSE	-0.0250546546969659	0.1888111888111888	0.1836734693877551	0.8695370836414289
2023_05_31_mouse_tcell_3FC+PRTC_100fmol_100ng_60k_PRM_50cm_wtrap_01.mzml:5211.1343:GTEPSALPFVDPNARPLAPEVSIK+3	1	38604	0.0	-0.001666667	0.24583332	0.0	0.0	0.14036107	0.07158414	0	0	0.0	0.0	0.0	10.0	10.0	-3.0	0	24	0	0	1	0	835.7831064	2504.32749	86.85224	-.GTEPSALPFVDPNARPLAPEVSIK.-	sp|B2RQC6|PYR1_MOUSE	-0.025214033236984	0.18620689655172415	0.1836734693877551	0.9265274040904392
2023_05_31_mouse_tcell_3FC+PRTC_100fmol_100ng_60k_PRM_50cm_wtrap_01.mzml:5051.9326:MDSNTQGIENPGFETTPPFQGMPEAK+3	1	37432	0.0	0.0	0.2442573	0.0	0.0	0.15884815	0.080158755	0	0	0.0	0.0	0.0	10.0	10.0	-3.0	0	26	0	0	1	0	941.7581927	2822.252749	84.198875	-.MDSNTQGIENPGFETTPPFQGMPEAK.-	sp|Q9D659|VISTA_MOUSE	-0.025381526067075	0.1836734693877551	0.1836734693877551	0.9882347081455086
2023_05_31_mouse_tcell_3FC+PRTC_100fmol_100ng_60k_PRM_50cm_wtrap_01.mzml:5515.5957:YFSSGPDRTVQFWEQDGIPVLSK+3	1	40844	0.0	-0.00087	0.24409333	0.0	0.0	0.17718637	0.0852541	0	0	0.0	0.0	0.0	10.0	10.0	-3.0	1	23	0	0	1	0	886.1062464	2655.29691	91.9266	-.YFSSGPDRTVQFWEQDGIPVLSK.-	sp|Q60837|I12R1_MOUSE	-0.0262891291812499	0.2751677852348993	0.271523178807947	1.0
2023_05_31_mouse_tcell_3FC+PRTC_100fmol_100ng_60k_PRM_50cm_wtrap_01.mzml:3868.1067:VTSLTAC[+57.0214635]LVNQNLR+3	1	28706	6.4359593	0.40501007	0.65247893	5.055748	4.757963	0.22599979	0.11384741	4	4	3.936311	1.5960958	0.0	10.0	10.0	-3.0	0	14	0	0	1	0	530.2873687	1587.840277	64.468445	-.VTSLTAC[+57.0214635]LVNQNLR.-	sp|P01831|THY1_MOUSE	-0.02629256104598	0.271523178807947	0.271523178807947	1.0
2023_05_31_mouse_tcell_3FC+PRTC_100fmol_100ng_60k_PRM_50cm_wtrap_01.mzml:1198.1829:KSC[+57.0214635]C[+57.0214635]SC[+57.0214635]C[+57.0214635]PVGC[+57.0214635]SK+2	1	8976	0.0	0.0	-0.002224947	0.0	0.0	0.11811855	0.060417637	0	0	0.0	0.0	0.0	10.0	10.0	-2.3359432	1	13	0	1	0	0	795.3035073	1588.592462	19.969715	-.KSC[+57.0214635]C[+57.0214635]SC[+57.0214635]C[+57.0214635]PVGC[+57.0214635]SK.-	sp|P02802|MT1_MOUSE	-0.026416999368128	0.29411764705882354	0.2903225806451613	1.0
2023_05_31_mouse_tcell_3FC+PRTC_100fmol_100ng_60k_PRM_50cm_wtrap_01.mzml:3181.1907:YQEVTNNLEFAK+2	1	23633	5.1139383	0.27613866	0.2704	4.812908	4.5150156	0.36776385	0.18521506	2	0	0.79713696	0.5978527	0.0	10.0	10.0	-2.2215154	0	12	0	1	0	0	728.3593518	1454.704151	53.019844	-.YQEVTNNLEFAK.-	sp|Q60865|CAPR1_MOUSE	-0.0264549162388399	0.2903225806451613	0.2903225806451613	1.0
2023_05_31_mouse_tcell_3FC+PRTC_100fmol_100ng_60k_PRM_50cm_wtrap_01.mzml:5122.9673:FDYYMPVIAGC[+57.0214635]R+2	1	37955	0.0	0.0	-0.003333334	0.0	0.0	0.14946032	0.075085126	0	0	0.0	0.0	0.0	10.0	10.0	-3.0	0	12	0	1	0	0	746.3415898	1490.668627	85.38279	-.FDYYMPVIAGC[+57.0214635]R.-	sp|P03958|ADA_MOUSE	-0.026955523498676	0.31210191082802546	0.3006134969325153	1.0
2023_05_31_mouse_tcell_3FC+PRTC_100fmol_100ng_60k_PRM_50cm_wtrap_01.mzml:3828.8691:GPLTSC[+57.0214635]DFDLR+2	1	28416	4.9590244	0.3500105	0.43464142	4.6579943	4.3590226	0.2904822	0.14593099	2	2	0.60163546	0.03191589	0.0	10.0	10.0	-2.260244	0	11	0	1	0	0	640.8006203	1279.586688	63.814487	-.GPLTSC[+57.0214635]DFDLR.-	sp|Q8C147|DOCK8_MOUSE	-0.0270475678905399	0.3081761006289308	0.3006134969325153	1.0
2023_05_31_mouse_tcell_3FC+PRTC_100fmol_100ng_60k_PRM_50cm_wtrap_01.mzml:4765.0547:YGFIEGNVVIPR+2	1	35320	0.0	-0.002732387	-0.0099048	0.0	0.0	0.11408771	0.057400376	0	0	0.0	0.0	0.0	10.0	10.0	-3.0	0	12	0	1	0	0	682.3720653	1362.729578	79.41758	-.YGFIEGNVVIPR.-	sp|P15379|CD44_MOUSE	-0.0270785247968639	0.30434782608695654	0.3006134969325153	1.0
2023_05_31_mouse_tcell_3FC+PRTC_100fmol_100ng_60k_PRM_50cm_wtrap_01.mzml:5593.6357:VLEVPPIVYLR+2	1	41418	0.0	0.25	-0.003108941	0.0	0.0	0.16543137	0.08306723	0	0	0.0	0.0	0.0	10.0	10.0	-2.3824272	0	11	0	1	0	0	649.3975518	1296.780551	93.227264	-.VLEVPPIVYLR.-	sp|Q91V12|BACH_MOUSE	-0.027106221305359	0.3006134969325153	0.3006134969325153	1.0
2023_05_31_mouse_tcell_3FC+PRTC_100fmol_100ng_60k_PRM_50cm_wtrap_01.mzml:4585.9443:ELEEIVQPIISK+2	1	34001	5.428234	0.5	0.4966667	5.127204	4.8317833	0.39470175	0.19991644	2	2	0.7658139	0.57436043	0.7678077	1.3081785	-1.3081785	-2.1429415	0	12	0	1	0	0	699.3979498	1396.781347	76.4324	-.ELEEIVQPIISK.-	sp|P20029|BIP_MOUSE	-0.02727243051047	0.34545454545454546	0.34545454545454546	1.0
2023_05_31_mouse_tcell_3FC+PRTC_100fmol_100ng_60k_PRM_50cm_wtrap_01.mzml:3680.1177:KLAVNMVPFPR+3	1	27318	5.6088805	0.3288048	0.3515752	5.3078504	5.0093102	0.29477212	0.1482335	2	2	0.048021883	-0.036016412	0.0	10.0	10.0	-2.971798	1	11	0	0	1	0	424.581276	1270.721999	61.335293	-.KLAVNMVPFPR.-	sp|A2AQ07|TBB1_MOUSE;sp|P68372|TBB4B_MOUSE;sp|P99024|TBB5_MOUSE;sp|Q7TMM9|TBB2A_MOUSE;sp|Q922F4|TBB6_MOUSE;sp|Q9CWF2|TBB2B_MOUSE;sp|Q9D6F9|TBB4A_MOUSE;sp|Q9ERD7|TBB3_MOUSE	-0.028045438389175	0.3532934131736527	0.3532934131736527	1.0
2023_05_31_mouse_tcell_3FC+PRTC_100fmol_100ng_60k_PRM_50cm_wtrap_01.mzml:1390.5513:GKVEADEEPSAVR+2	1	10398	4.761118	0.047484815	0.39816678	4.460088	4.1620874	0.36369187	0.18311885	2	0	0.56232977	-0.19187135	0.4724979	1.3175604	-0.7140878	-1.7458248	1	13	0	1	0	0	693.8466128	1385.678673	23.175854	-.GKVEADEEPSAVR.-	sp|E9PVX6|KI67_MOUSE	-0.02865781929939	0.42011834319526625	0.4011299435028249	1.0
2023_05_31_mouse_tcell_3FC+PRTC_100fmol_100ng_60k_PRM_50cm_wtrap_01.mzml:2012.853:VC[+57.0214635]AGYFR+2	1	14998	6.4823427	0.5076741	0.67193484	5.1021314	4.802294	0.26762825	0.13418211	4	1	1.5841972	-0.4923277	0.0	10.0	10.0	-1.8794143	0	7	0	1	0	0	436.7078018	871.4010507	33.54755	-.VC[+57.0214635]AGYFR.-	sp|P20334|TNR9_MOUSE	-0.0286912683718899	0.4152046783625731	0.4011299435028249	1.0
2023_05_31_mouse_tcell_3FC+PRTC_100fmol_100ng_60k_PRM_50cm_wtrap_01.mzml:3437.671:YPFTAQVDSPVK+2	1	25528	0.0	-0.003070852	0.09709605	0.0	0.0	0.14083393	0.070786655	0	0	0.0	0.0	0.0	10.0	10.0	-2.337843	0	12	0	1	0	0	676.3482563	1350.68196	57.294514	-.YPFTAQVDSPVK.-	sp|P56203|CATW_MOUSE	-0.028772273966769	0.41040462427745666	0.4011299435028249	1.0
2023_05_31_mouse_tcell_3FC+PRTC_100fmol_100ng_60k_PRM_50cm_wtrap_01.mzml:5693.2847:EAVGDLLDAFK+2	1	42151	0.0	-0.000876	-0.007039696	0.0	0.0	0.12804681	0.064327516	0	0	0.0	0.0	0.0	10.0	10.0	-3.0	0	11	0	1	0	0	589.3086038	1176.602655	94.88808	-.EAVGDLLDAFK.-	sp|Q6NZJ6|IF4G1_MOUSE	-0.028789502693764	0.4057142857142857	0.4011299435028249	1.0
2023_05_31_mouse_tcell_3FC+PRTC_100fmol_100ng_60k_PRM_50cm_wtrap_01.mzml:1964.6798:ISEQFTAMFR+2	1	14642	6.000721	0.44768813	0.5895813	5.2225695	4.878268	0.35358876	0.16134202	3	2	1.0694811	0.80211085	0.0	10.0	10.0	-3.0	0	10	0	1	0	0	615.3027988	1228.591045	32.744663	-.ISEQFTAMFR.-	sp|P68372|TBB4B_MOUSE;sp|P99024|TBB5_MOUSE;sp|Q7TMM9|TBB2A_MOUSE;sp|Q9CWF2|TBB2B_MOUSE;sp|Q9D6F9|TBB4A_MOUSE;sp|Q9ERD7|TBB3_MOUSE	-0.0290950165803499	0.4011299435028249	0.4011299435028249	1.0
2023_05_31_mouse_tcell_3FC+PRTC_100fmol_100ng_60k_PRM_50cm_wtrap_01.mzml:1402.5713:EGVKFDESEK+2	1	10487	5.0184603	0.18849888	0.6389393	4.71743	4.418566	0.33147958	0.16656849	2	1	0.29388294	0.2204122	0.0	10.0	10.0	-1.8016853	1	10	0	1	0	0	584.2800428	1166.545533	23.376188	-.EGVKFDESEK.-	sp|P08113|ENPL_MOUSE	-0.0306016630429099	0.46368715083798884	0.453551912568306	1.0
2023_05_31_mouse_tcell_3FC+PRTC_100fmol_100ng_60k_PRM_50cm_wtrap_01.mzml:1292.3882:EKQDEQVGLPGK+2	1	9672	0.0	-0.007627192	-0.014397014	0.0	0.0	0.16872294	0.08535273	0	0	0.0	0.0	0.0	10.0	10.0	-3.0	1	12	0	1	0	0	664.3462493	1326.677946	21.539803	-.EKQDEQVGLPGK.-	sp|Q01320|TOP2A_MOUSE	-0.03066416831234	0.4585635359116022	0.453551912568306	1.0
2023_05_31_mouse_tcell_3FC+PRTC_100fmol_100ng_60k_PRM_50cm_wtrap_01.mzml:1755.3048:GQNEDPGSLLTQFRR+3	1	13094	5.4921665	0.071292005	0.29769436	4.714015	4.3329506	0.36458904	0.14879861	3	0	1.426281	1.0697107	0.6549257	1.6165395	-0.8792297	-3.0	1	15	0	0	1	0	573.2920587	1716.854347	29.25508	-.GQNEDPGSLLTQFRR.-	sp|P10852|4F2_MOUSE	-0.03096098235869	0.453551912568306	0.453551912568306	1.0
2023_05_31_mouse_tcell_3FC+PRTC_100fmol_100ng_60k_PRM_50cm_wtrap_01.mzml:4536.163:GQNEDPGSLLTQFR+2	1	33634	4.961512	0.2491943	0.24520954	4.961512	4.6638346	0.62051016	0.3126596	1	1	0.2950354	-0.22127655	0.0	10.0	10.0	-2.259622	0	14	0	1	0	0	781.3838943	1560.753236	75.602715	-.GQNEDPGSLLTQFR.-	sp|P10852|4F2_MOUSE	-0.03157211814595	0.5027027027027027	0.49732620320855614	1.0
2023_05_31_mouse_tcell_3FC+PRTC_100fmol_100ng_60k_PRM_50cm_wtrap_01.mzml:3764.7903:FLLNNEIPK+2	1	27943	4.8783545	0.56118536	1.0251573	4.5773244	4.2783527	0.44185957	0.22153218	2	1	1.0054635	-0.357503	0.18206018	2.9602873	-2.9602873	-1.6604168	0	9	0	1	0	0	544.3109488	1086.607345	62.746506	-.FLLNNEIPK.-	sp|O89110|CASP8_MOUSE	-0.0315732802834599	0.49732620320855614	0.49732620320855614	1.0
2023_05_31_mouse_tcell_3FC+PRTC_100fmol_100ng_60k_PRM_50cm_wtrap_01.mzml:4103.2773:AILSTKPPGTFLLR+3	1	30442	5.576429	0.046776805	0.20441045	5.2753987	4.9773984	0.45056713	0.22686054	2	0	0.833136	0.624852	0.0	10.0	10.0	-2.02243	0	14	0	0	1	0	505.30821	1512.902801	68.387955	-.AILSTKPPGTFLLR.-	sp|P42227|STAT3_MOUSE	-0.03210178339937	0.5238095238095238	0.518324607329843	1.0
2023_05_31_mouse_tcell_3FC+PRTC_100fmol_100ng_60k_PRM_50cm_wtrap_01.mzml:5178.255:NSSYFVEWIPNNVK+2	1	38362	5.260901	0.25	0.24622913	5.260901	4.9631157	0.7170079	0.36119276	1	1	0.006961522	0.005221142	0.0	10.0	10.0	-2.1847749	0	14	0	1	0	0	848.9201068	1695.825661	86.304245	-.NSSYFVEWIPNNVK.-	sp|P68372|TBB4B_MOUSE;sp|P99024|TBB5_MOUSE;sp|Q7TMM9|TBB2A_MOUSE;sp|Q922F4|TBB6_MOUSE;sp|Q9CWF2|TBB2B_MOUSE;sp|Q9D6F9|TBB4A_MOUSE;sp|Q9ERD7|TBB3_MOUSE	-0.03233356963945	0.518324607329843	0.518324607329843	1.0
2023_05_31_mouse_tcell_3FC+PRTC_100fmol_100ng_60k_PRM_50cm_wtrap_01.mzml:4546.886:ANC[+57.0214635]IDSTASAEAVFASEVK+2	1	33713	3.944749	0.24311905	0.23664612	3.944749	3.6467485	0.83851916	0.4221944	1	1	1.1137835	0.83533764	0.0	10.0	10.0	-2.5138128	0	19	0	1	0	0	985.4622123	1968.909872	75.78144	-.ANC[+57.0214635]IDSTASAEAVFASEVK.-	sp|P35550|FBRL_MOUSE	-0.03297387191894	0.5440414507772021	0.5223880597014925	1.0
2023_05_31_mouse_tcell_3FC+PRTC_100fmol_100ng_60k_PRM_50cm_wtrap_01.mzml:3233.1594:DMGFTEEEFKR+3	1	24017	5.198445	0.43680796	0.5020321	4.8974147	4.5094	0.45544368	0.20205644	2	2	0.18170215	-0.020905454	0.0	10.0	10.0	-3.0	1	11	0	0	1	0	463.5432154	1387.607817	53.88599	-.DMGFTEEEFKR.-	sp|P03958|ADA_MOUSE	-0.033217385037484	0.5384615384615384	0.5223880597014925	1.0
2023_05_31_mouse_tcell_3FC+PRTC_100fmol_100ng_60k_PRM_50cm_wtrap_01.mzml:3029.356:IIFDDFR+2	1	22511	5.750719	0.060808357	0.14462736	4.9725676	4.630359	0.37187004	0.14704767	3	0	0.8761211	0.65709084	0.1430816	3.3965988	-3.3965988	-2.4676685	0	7	0	1	0	0	463.2425353	924.4705177	50.489265	-.IIFDDFR.-	sp|P46978|STT3A_MOUSE	-0.033326589890986	0.5329949238578681	0.5223880597014925	1.0
2023_05_31_mouse_tcell_3FC+PRTC_100fmol_100ng_60k_PRM_50cm_wtrap_01.mzml:1599.5737:DTPPQGEESHSGDGSTLETER+3	1	11943	4.652101	0.27149752	0.34928766	4.351071	4.052423	0.47092432	0.23675716	2	1	3.1740038	2.380503	0.0	10.0	10.0	-2.3369746	0	21	0	0	1	0	743.6561194	2227.946529	26.659563	-.DTPPQGEESHSGDGSTLETER.-	sp|Q8C156|CND2_MOUSE	-0.0334464408005399	0.5276381909547738	0.5223880597014925	1.0
2023_05_31_mouse_tcell_3FC+PRTC_100fmol_100ng_60k_PRM_50cm_wtrap_01.mzml:2809.575:SQWEALC[+57.0214635]DSSAAR+2	1	20887	5.117675	0.20112339	0.3204207	4.8166447	4.517997	0.5865869	0.2949065	2	1	0.7993482	0.45348072	0.0	10.0	10.0	-2.174408	0	13	0	1	0	0	740.8278973	1479.641242	46.82625	-.SQWEALC[+57.0214635]DSSAAR.-	sp|P13379|CD5_MOUSE	-0.0334541771058	0.5223880597014925	0.5223880597014925	1.0
2023_05_31_mouse_tcell_3FC+PRTC_100fmol_100ng_60k_PRM_50cm_wtrap_01.mzml:1437.1906:MIEEAGAIISTR+2	1	10743	5.1994047	0.0411083	0.17808852	4.8983746	4.6061573	0.46771753	0.23865287	2	0	2.1413343	0.6509342	0.0	10.0	10.0	-2.2001488	0	12	0	1	0	0	645.8397453	1289.664938	23.953176	-.MIEEAGAIISTR.-	sp|Q91V12|BACH_MOUSE	-0.03414965754265	0.5566502463054187	0.551219512195122	1.0
2023_05_31_mouse_tcell_3FC+PRTC_100fmol_100ng_60k_PRM_50cm_wtrap_01.mzml:3483.8362:QIPC[+57.0214635]IVSMLTK+2	1	25869	4.627307	0.2060959	0.25308403	4.627307	4.3324223	0.48675424	0.24684525	1	1	0.68964905	0.51723677	0.0	10.0	10.0	-2.7714353	0	11	0	1	0	0	645.3514348	1288.688317	58.06394	-.QIPC[+57.0214635]IVSMLTK.-	sp|P70677|CASP3_MOUSE	-0.0341841095047	0.551219512195122	0.551219512195122	1.0
2023_05_31_mouse_tcell_3FC+PRTC_100fmol_100ng_60k_PRM_50cm_wtrap_01.mzml:5090.4976:LNMEAINYMAADGDFK+2	1	37716	4.750675	0.13918768	0.12671818	4.750675	4.453321	0.8440366	0.42560545	1	1	0.54951245	-0.41213435	0.0	10.0	10.0	-2.3123312	0	16	0	1	0	0	901.9080258	1801.801499	84.84163	-.LNMEAINYMAADGDFK.-	sp|P16045|LEG1_MOUSE	-0.03556001375487	0.5942028985507246	0.583710407239819	1.0
2023_05_31_mouse_tcell_3FC+PRTC_100fmol_100ng_60k_PRM_50cm_wtrap_01.mzml:3467.4814:FTSFSVYC[+57.0214635]SR+2	1	25748	4.62499	0.048634995	0.30183613	4.32396	4.0247717	0.5076626	0.25491008	2	0	0.64287204	0.482154	0.0	10.0	10.0	-2.3437524	0	10	0	1	0	0	627.2846013	1252.55465	57.79136	-.FTSFSVYC[+57.0214635]SR.-	sp|P13864|DNMT1_MOUSE	-0.03569069267753	0.5885167464114832	0.583710407239819	1.0
2023_05_31_mouse_tcell_3FC+PRTC_100fmol_100ng_60k_PRM_50cm_wtrap_01.mzml:1323.3445:KTTGAAQEEDAC[+57.0214635]SC[+57.0214635]R+3	1	9901	4.38172	0.36119527	0.8083203	4.08069	3.7817178	0.49397525	0.24816084	2	1	2.8382177	1.1087053	0.0	10.0	10.0	-2.40457	1	15	0	0	1	0	561.9068884	1682.698836	22.055742	-.KTTGAAQEEDAC[+57.0214635]SC[+57.0214635]R.-	sp|P20334|TNR9_MOUSE	-0.03584236259506	0.5924170616113744	0.583710407239819	1.0
2023_05_31_mouse_tcell_3FC+PRTC_100fmol_100ng_60k_PRM_50cm_wtrap_01.mzml:6013.5:ILDIIGLPGEEDWPR+2	1	44506	4.005401	0.24999997	0.2416667	4.005401	3.7068613	0.8154134	0.410051	1	1	1.8820376	-1.4115282	0.0	10.0	10.0	-2.4986496	0	15	0	1	0	0	861.9566948	1721.898837	100.225	-.ILDIIGLPGEEDWPR.-	sp|Q64261|CDK6_MOUSE	-0.0363825141441599	0.596244131455399	0.583710407239819	1.0
2023_05_31_mouse_tcell_3FC+PRTC_100fmol_100ng_60k_PRM_50cm_wtrap_01.mzml:5139.943:LGDLLISQFSGSNAEQMR+2	1	38080	3.6742802	0.24870202	0.23900603	3.6742802	3.375092	0.96703243	0.48557118	1	1	0.69720477	0.52290356	0.0	10.0	10.0	-2.58143	0	18	0	1	0	0	983.4885643	1964.962576	85.66572	-.LGDLLISQFSGSNAEQMR.-	sp|Q60875|ARHG2_MOUSE	-0.03726264256578	0.6	0.583710407239819	1.0
2023_05_31_mouse_tcell_3FC+PRTC_100fmol_100ng_60k_PRM_50cm_wtrap_01.mzml:3298.1294:NSTEC[+57.0214635]TLILTEGDSAK+2	1	24497	4.531516	0.21850474	0.24181253	4.531516	4.233947	0.8453803	0.42607167	1	1	1.0084027	-0.75630206	0.0	10.0	10.0	-2.367121	0	16	0	1	0	0	869.9118243	1737.809096	54.968822	-.NSTEC[+57.0214635]TLILTEGDSAK.-	sp|Q01320|TOP2A_MOUSE	-0.03746660119256	0.5944700460829493	0.583710407239819	1.0
2023_05_31_mouse_tcell_3FC+PRTC_100fmol_100ng_60k_PRM_50cm_wtrap_01.mzml:5726.3193:SGPFGQIFRPDNFVFGQSGAGNNWAK+3	1	42394	4.8772383	0.25	0.49575743	4.8772383	4.58246	0.8229094	0.414889	1	1	2.5203438	-1.8902578	0.0	10.0	10.0	-2.2806904	0	26	0	0	1	0	933.4526424	2797.336098	95.43865	-.SGPFGQIFRPDNFVFGQSGAGNNWAK.-	sp|P68372|TBB4B_MOUSE;sp|P99024|TBB5_MOUSE;sp|Q7TMM9|TBB2A_MOUSE;sp|Q9CWF2|TBB2B_MOUSE;sp|Q9D6F9|TBB4A_MOUSE	-0.03785321960363	0.589041095890411	0.583710407239819	1.0
2023_05_31_mouse_tcell_3FC+PRTC_100fmol_100ng_60k_PRM_50cm_wtrap_01.mzml:4511.8555:AVLVDLEPGTMDSVR+2	1	33455	4.9976416	0.13345726	0.30766746	4.9976416	4.6996408	0.86692846	0.4364985	1	1	0.609001	-0.45675072	0.0	10.0	10.0	-2.2505896	0	15	0	1	0	0	801.4138058	1600.813059	75.19759	-.AVLVDLEPGTMDSVR.-	sp|P68372|TBB4B_MOUSE;sp|Q9D6F9|TBB4A_MOUSE	-0.03852987621332	0.583710407239819	0.583710407239819	1.0
2023_05_31_mouse_tcell_3FC+PRTC_100fmol_100ng_60k_PRM_50cm_wtrap_01.mzml:1122.8417:VFPNGLASQEGTIQK+2	1	8421	4.0649514	0.2490862	0.24317247	4.0649514	3.7737973	0.7702541	0.39398494	1	1	0.7093439	-0.53200793	0.0	10.0	10.0	-2.4837623	0	15	0	1	0	0	794.9201128	1587.825673	18.714027	-.VFPNGLASQEGTIQK.-	sp|O54824|IL16_MOUSE	-0.0393899776003	0.5964125560538116	0.5859030837004405	1.0
2023_05_31_mouse_tcell_3FC+PRTC_100fmol_100ng_60k_PRM_50cm_wtrap_01.mzml:5370.152:LFTPMDFEIEGNC[+57.0214635]EK+2	1	39774	3.960181	0.1590937	0.24033786	3.960181	3.6619647	0.91097313	0.4584472	1	1	2.4102428	-1.807682	0.0	10.0	10.0	-2.5099547	0	15	0	1	0	0	915.4078633	1828.801174	89.50253	-.LFTPMDFEIEGNC[+57.0214635]EK.-	sp|O35892|SP100_MOUSE	-0.0399796528102399	0.5911111111111111	0.5859030837004405	1.0
2023_05_31_mouse_tcell_3FC+PRTC_100fmol_100ng_60k_PRM_50cm_wtrap_01.mzml:4848.046:EENADFGGAELPVVC[+57.0214635]GNAQGFLDKEK+3	1	35931	3.8602667	0.21542346	0.0	3.8602667	3.562266	0.8743679	0.4402442	1	1	1.3262519	0.9946889	0.0	10.0	10.0	-2.5349333	1	26	0	0	1	0	932.1044684	2793.291576	80.800766	-.EENADFGGAELPVVC[+57.0214635]GNAQGFLDKEK.-	sp|O35892|SP100_MOUSE	-0.04029596346528	0.5859030837004405	0.5859030837004405	1.0
2023_05_31_mouse_tcell_3FC+PRTC_100fmol_100ng_60k_PRM_50cm_wtrap_01.mzml:3896.2903:LLTTIGKDLDFAK+3	1	28914	5.5389476	0.29886162	0.69815713	5.2379174	4.9403477	0.81674606	0.4116399	2	1	0.38033018	-0.006263077	0.0	10.0	10.0	-3.0	1	13	0	0	1	0	478.9449374	1433.812983	64.93817	-.LLTTIGKDLDFAK.-	sp|Q6NZJ6|IF4G1_MOUSE	-0.041507958000267	0.6069868995633187	0.6069868995633187	1.0
2023_05_31_mouse_tcell_3FC+PRTC_100fmol_100ng_60k_PRM_50cm_wtrap_01.mzml:3531.3647:AGC[+57.0214635]QVVAPSDMMDGRVEAIK+3	1	26220	3.951528	0.21491216	-0.00756036	3.951528	3.6534197	0.8226968	0.41412503	1	1	0.8371878	0.6278909	0.0	10.0	10.0	-2.5121179	1	20	0	0	1	0	712.0078374	2133.001683	58.85608	-.AGC[+57.0214635]QVVAPSDMMDGRVEAIK.-	sp|P10518|HEM2_MOUSE	-0.04206398767697	0.6277056277056277	0.6277056277056277	1.0
2023_05_31_mouse_tcell_3FC+PRTC_100fmol_100ng_60k_PRM_50cm_wtrap_01.mzml:4414.6265:FGDLDEQEFVYKEPAITK+3	1	32738	4.037654	0.15188137	0.2405333	4.037654	3.7393298	0.83538616	0.42030367	1	1	0.27342418	0.20506813	0.0	10.0	10.0	-2.4905865	1	18	0	0	1	0	710.352758	2128.036445	73.57711	-.FGDLDEQEFVYKEPAITK.-	sp|Q8C147|DOCK8_MOUSE;sp|Q8R1A4|DOCK7_MOUSE	-0.04345427009952	0.6738197424892703	0.6569037656903766	1.0
2023_05_31_mouse_tcell_3FC+PRTC_100fmol_100ng_60k_PRM_50cm_wtrap_01.mzml:4049.229:FQSVESGANNVVFIR+2	1	30043	4.4860578	0.13261405	0.2422545	4.4860578	4.188165	0.97398144	0.4905213	1	1	0.13500334	0.1012525	0.6386581	0.121719904	0.121719904	-2.997532	0	15	0	1	0	0	833.9310108	1665.847469	67.48715	-.FQSVESGANNVVFIR.-	sp|Q99J36|THUM1_MOUSE	-0.043460709589236	0.6680851063829787	0.6569037656903766	1.0
2023_05_31_mouse_tcell_3FC+PRTC_100fmol_100ng_60k_PRM_50cm_wtrap_01.mzml:5412.8022:SPQTPELVEALAFR+2	1	40088	3.8550832	0.12321667	0.11906188	3.8550832	3.5563273	0.9485739	0.47677696	1	1	1.3245449	-0.9934087	0.0	10.0	10.0	-2.5362291	0	14	0	1	0	0	779.4172058	1556.819859	90.21337	-.SPQTPELVEALAFR.-	sp|Q6A0A9|F120A_MOUSE	-0.04356895348844	0.6624472573839663	0.6569037656903766	1.0
2023_05_31_mouse_tcell_3FC+PRTC_100fmol_100ng_60k_PRM_50cm_wtrap_01.mzml:3035.0337:QFMAETQFSSGEK+2	1	22553	3.7879465	0.13764292	0.19362089	3.7879465	3.4919899	0.8926539	0.44381607	1	0	0.16112375	0.120842814	0.0	10.0	10.0	-2.5530133	0	13	0	1	0	0	745.3350243	1488.655496	50.583897	-.QFMAETQFSSGEK.-	sp|Q60865|CAPR1_MOUSE	-0.043656641039716	0.6569037656903766	0.6569037656903766	1.0
2023_05_31_mouse_tcell_3FC+PRTC_100fmol_100ng_60k_PRM_50cm_wtrap_01.mzml:5778.553:LLGATELPIVTPALR+2	1	42778	4.0396485	0.12388047	0.11972126	4.0396485	3.741756	1.0023454	0.50260943	1	1	2.6492555	-1.9869417	0.0	10.0	10.0	-2.490088	0	15	0	1	0	0	782.4770668	1562.939581	96.30922	-.LLGATELPIVTPALR.-	sp|P52293|IMA1_MOUSE	-0.04422948289647	0.6597510373443983	0.6597510373443983	1.0
2023_05_31_mouse_tcell_3FC+PRTC_100fmol_100ng_60k_PRM_50cm_wtrap_01.mzml:3028.9194:QINPTLGSQEDFKDLLQSAK+3	1	22508	4.3932543	0.08053918	0.21917835	4.3932543	4.097297	0.91129667	0.46100214	1	0	0.42128178	0.31596133	0.0	10.0	10.0	-2.304676	1	20	0	0	1	0	744.7217357	2231.143378	50.48199	-.QINPTLGSQEDFKDLLQSAK.-	sp|P10852|4F2_MOUSE	-0.04460801572276	0.6790123456790124	0.6706827309236948	1.0
2023_05_31_mouse_tcell_3FC+PRTC_100fmol_100ng_60k_PRM_50cm_wtrap_01.mzml:5366.719:VMNTGSQFVMEGVK+2	1	39749	3.959266	0.036587276	0.03072114	3.959266	3.6634164	0.93543196	0.47332856	1	1	2.6765883	-2.0074413	0.0	10.0	10.0	-2.5101836	0	14	0	1	0	0	763.8707198	1525.726887	89.44532	-.VMNTGSQFVMEGVK.-	sp|Q8BRF7|SCFD1_MOUSE	-0.044610416427868	0.673469387755102	0.6706827309236948	1.0
2023_05_31_mouse_tcell_3FC+PRTC_100fmol_100ng_60k_PRM_50cm_wtrap_01.mzml:2160.0078:VRPEIINESGNPSYK+3	1	16086	4.374198	0.12108977	0.11240504	4.374198	4.075766	0.7756329	0.3901434	1	1	0.32980627	-0.2473547	0.0	10.0	10.0	-2.4064505	0	15	0	0	1	0	568.296806	1701.868589	36.00013	-.VRPEIINESGNPSYK.-	sp|Q9CQU0|TXD12_MOUSE	-0.0452915095960699	0.6761133603238867	0.6706827309236948	1.0
2023_05_31_mouse_tcell_3FC+PRTC_100fmol_100ng_60k_PRM_50cm_wtrap_01.mzml:3869.7437:ANC[+57.0214635]IDSTASAEAVFASEVKK+3	1	28718	3.8800173	0.1311684	0.12935114	3.8800173	3.5845966	0.93812937	0.47516254	1	1	0.23061953	0.17296465	0.0	10.0	10.0	-2.5299957	1	20	0	0	1	0	700.008888	2097.004835	64.49573	-.ANC[+57.0214635]IDSTASAEAVFASEVKK.-	sp|P35550|FBRL_MOUSE	-0.04544671587884	0.6706827309236948	0.6706827309236948	1.0
2023_05_31_mouse_tcell_3FC+PRTC_100fmol_100ng_60k_PRM_50cm_wtrap_01.mzml:1619.1846:MAELC[+57.0214635]DSPREQDSESR+3	1	12088	4.2228274	0.22890925	0.59047234	4.2228274	3.923423	0.8491079	0.42614603	1	1	0.035718337	0.026788753	0.0	10.0	10.0	-2.444293	1	16	0	0	1	0	637.2720064	1908.79419	26.98641	-.MAELC[+57.0214635]DSPREQDSESR.-	sp|O89110|CASP8_MOUSE	-0.045985895767634	0.6972111553784861	0.6972111553784861	1.0
2023_05_31_mouse_tcell_3FC+PRTC_100fmol_100ng_60k_PRM_50cm_wtrap_01.mzml:1742.8485:LALGIPLPELR+2	1	13002	4.357283	0.09450654	0.3056618	4.357283	4.0614333	0.84777737	0.4289754	1	0	0.19651622	-0.14738716	0.0	10.0	10.0	-2.4106793	0	11	0	1	0	0	596.3766238	1190.738695	29.047476	-.LALGIPLPELR.-	sp|B2RQC6|PYR1_MOUSE	-0.04665915567762	0.7233201581027668	0.7233201581027668	1.0
2023_05_31_mouse_tcell_3FC+PRTC_100fmol_100ng_60k_PRM_50cm_wtrap_01.mzml:1437.1906:ATLWYVPLSLK+2	1	10743	4.971305	0.06955654	0.49115753	4.971305	4.5029964	0.97705317	0.35481608	1	0	0.26048318	0.19536237	0.0	10.0	10.0	-2.741817	0	11	0	1	0	0	645.8764523	1289.738352	23.953176	-.ATLWYVPLSLK.-	sp|Q91V12|BACH_MOUSE	-0.04720524244378	0.7254901960784313	0.7254901960784313	1.0
2023_05_31_mouse_tcell_3FC+PRTC_100fmol_100ng_60k_PRM_50cm_wtrap_01.mzml:3543.2742:MFLNDFLNDQNR+2	1	26308	4.2433324	0.060722303	0.3520457	4.2433324	3.947483	1.0079281	0.5100116	1	1	0.039264366	-0.029448275	0.0	10.0	10.0	-3.0	0	12	0	1	0	0	763.8564573	1525.698362	59.05457	-.MFLNDFLNDQNR.-	sp|Q8JZK9|HMCS1_MOUSE	-0.048219567676745	0.7587548638132295	0.752895752895753	1.0
2023_05_31_mouse_tcell_3FC+PRTC_100fmol_100ng_60k_PRM_50cm_wtrap_01.mzml:1684.1234:YGC[+57.0214635]EGPSHGGLPGASSEK+3	1	12568	4.390097	0.24919665	0.09595388	4.390097	4.0942473	0.9431019	0.47720954	1	1	2.6600578	-1.9950434	0.0	10.0	10.0	-2.3265004	0	18	0	0	1	0	597.265178	1788.773705	28.068724	-.YGC[+57.0214635]EGPSHGGLPGASSEK.-	sp|Q9WTK5|NFKB2_MOUSE	-0.04845022451268	0.752895752895753	0.752895752895753	1.0
2023_05_31_mouse_tcell_3FC+PRTC_100fmol_100ng_60k_PRM_50cm_wtrap_01.mzml:4052.475:NQALVELLQK+2	1	30067	3.9620838	0.048931822	0.032396697	3.9620838	3.6626792	0.8726345	0.4379534	1	0	2.5735795	1.9301846	0.0	10.0	10.0	-2.509479	0	10	0	1	0	0	578.3402383	1154.665924	67.54125	-.NQALVELLQK.-	sp|Q60875|ARHG2_MOUSE	-0.048747691629083	0.7547892720306514	0.7547892720306514	1.0
2023_05_31_mouse_tcell_3FC+PRTC_100fmol_100ng_60k_PRM_50cm_wtrap_01.mzml:2774.6729:DSNWISKVEK+3	1	20629	3.7626522	0.026722405	0.0297591	3.7626522	3.4631395	0.9656047	0.48449215	1	1	0.52784634	-0.39588475	0.0	10.0	10.0	-2.559337	1	10	0	0	1	0	402.5435434	1204.608801	46.24455	-.DSNWISKVEK.-	sp|Q62351|TFR1_MOUSE	-0.05329546041838	0.8631178707224335	0.8631178707224335	1.0
2023_05_31_mouse_tcell_3FC+PRTC_100fmol_100ng_60k_PRM_50cm_wtrap_01.mzml:2097.502:WNIDSSC[+57.0214635]K+2	1	15624	3.9896202	0.025752377	0.014798538	3.9896202	3.6916196	0.9590286	0.48287085	1	0	1.0049719	-0.7537289	0.0	10.0	10.0	-2.502595	0	8	0	1	0	0	505.2240163	1008.43348	34.958366	-.WNIDSSC[+57.0214635]K.-	sp|Q62351|TFR1_MOUSE	-0.054850073550184	0.9018867924528302	0.9018867924528302	1.0
