id	Label	ScanNr	primary	xCorrLib	xCorrModel	LogDotProduct	logWeightedDotProduct	sumOfSquaredErrors	weightedSumOfSquaredErrors	numberOfMatchingPeaks	numberOfMatchingPeaksAboveThreshold	averageAbsFragmentDeltaMass	averageFragmentDeltaMasses	isotopeDotProduct	averageAbsParentDeltaMass	averageParentDeltaMass	eValue	numMissedCleavage	pepLength	charge1	charge2	charge3	charge4	precursorMz	precursorMass	RTinMin	sequence	Proteins	score	pyIsoPEP FDR	pyIsoPEP q-value from FDR	pyIsoPEP PEP
2023_05_31_mouse_tcell_1FC+PRTC_100fmol_100ng_60k_PRM_50cm_wtrap_01.mzml:2855.543:GILAADESTGSIAK+2	1	21226	13.224254	1.6525444	2.324187	6.66449	6.366921	0.00175092	0.000882	10	8	0.47070727	-0.15920773	0.9710005	2.4149761	2.4149761	-1.2345812	0	14	0	1	0	0	666.8539068	1331.693261	47.592384	-.GILAADESTGSIAK.-	sp|P05064|ALDOA_MOUSE	0.0170840878682599	0.3333333333333333	0.01818181818181818	0.017251772393385975
2023_05_31_mouse_tcell_1FC+PRTC_100fmol_100ng_60k_PRM_50cm_wtrap_01.mzml:1962.5981:VEIIANDQGNR+2	1	14627	11.019644	1.9399567	2.2148178	6.4141226	6.1185946	0.005495486	0.002782777	8	7	0.7145748	-0.47831333	0.0	10.0	10.0	-1.5332437	0	11	0	1	0	0	614.8176583	1227.620764	32.70997	-.VEIIANDQGNR.-	sp|P16627|HS71L_MOUSE;sp|P17156|HSP72_MOUSE;sp|P17879|HS71B_MOUSE;sp|P20029|BIP_MOUSE;sp|P63017|HSP7C_MOUSE;sp|Q61696|HS71A_MOUSE	0.0120157815984819	0.2	0.01818181818181818	0.017251772393385975
2023_05_31_mouse_tcell_1FC+PRTC_100fmol_100ng_60k_PRM_50cm_wtrap_01.mzml:1297.8903:SC[+57.0214635]C[+57.0214635]SC[+57.0214635]C[+57.0214635]PVGC[+57.0214635]SK+2	1	9713	10.442096	1.6936876	1.7263392	5.836575	5.538682	0.012375847	0.006232786	8	8	1.4530331	-0.76682264	0.0	10.0	10.0	-0.88947606	0	12	0	1	0	0	731.2560258	1460.497499	21.631504	-.SC[+57.0214635]C[+57.0214635]SC[+57.0214635]C[+57.0214635]PVGC[+57.0214635]SK.-	sp|P02802|MT1_MOUSE	0.0065314348606159	0.14285714285714285	0.01818181818181818	0.017251772393385975
2023_05_31_mouse_tcell_1FC+PRTC_100fmol_100ng_60k_PRM_50cm_wtrap_01.mzml:2122.106:LTPEEIER+2	1	15806	9.715097	1.1887724	1.2315234	6.0126667	5.7133703	0.039190043	0.0196734	7	1	1.2278148	-0.89262384	0.9745277	3.767436	-0.43984115	-0.6888695	0	8	0	1	0	0	493.7612893	985.5080257	35.36843	-.LTPEEIER.-	sp|P20029|BIP_MOUSE	0.00064869874958	0.1111111111111111	0.01818181818181818	0.017251772393385975
2023_05_31_mouse_tcell_1FC+PRTC_100fmol_100ng_60k_PRM_50cm_wtrap_01.mzml:1357.3973:VDQQVQDNENAPQR+2	1	10153	8.2915	0.9952356	1.2319002	5.434167	5.115075	0.03761888	0.017530553	6	6	2.1740868	-0.4096457	0.0	10.0	10.0	-1.427125	0	14	0	1	0	0	820.8847898	1639.755027	22.62329	-.VDQQVQDNENAPQR.-	sp|E9PVX6|KI67_MOUSE	-0.0060737678061919	0.09090909090909091	0.01818181818181818	0.017251772393385975
2023_05_31_mouse_tcell_1FC+PRTC_100fmol_100ng_60k_PRM_50cm_wtrap_01.mzml:2152.7178:EAESSPFVER+2	1	16032	8.640116	1.0113506	1.4101648	5.7827826	5.4842424	0.08075677	0.040610556	6	1	1.4872885	-0.002703428	0.0	10.0	10.0	0.33512688	0	10	0	1	0	0	575.7723848	1149.530217	35.878628	-.EAESSPFVER.-	sp|P08113|ENPL_MOUSE	-0.0065986741572399	0.07692307692307693	0.01818181818181818	0.017251772393385975
2023_05_31_mouse_tcell_1FC+PRTC_100fmol_100ng_60k_PRM_50cm_wtrap_01.mzml:2732.0642:ADDGRPFPQVIK+3	1	20313	10.661094	0.45877734	0.25538653	6.055573	5.7574644	0.033657663	0.016942425	8	0	0.4320151	-0.32401133	0.0	10.0	10.0	0.3735795	0	12	0	0	1	0	448.2419767	1341.704101	45.534405	-.ADDGRPFPQVIK.-	sp|P05064|ALDOA_MOUSE	-0.0070380677626999	0.06666666666666667	0.01818181818181818	0.017251772393385975
2023_05_31_mouse_tcell_1FC+PRTC_100fmol_100ng_60k_PRM_50cm_wtrap_01.mzml:3793.893:SFVLNLGK+2	1	28156	8.943478	0.8958131	0.8808199	6.0861444	5.7871723	0.0139346	0.007000395	6	5	2.8259678	-1.94543	0.8869625	1.7736123	1.7736123	-0.86322594	0	8	0	1	0	0	439.2607278	876.5069027	63.231552	-.SFVLNLGK.-	sp|P16045|LEG1_MOUSE	-0.0111373807880399	0.058823529411764705	0.01818181818181818	0.017251772393385975
2023_05_31_mouse_tcell_1FC+PRTC_100fmol_100ng_60k_PRM_50cm_wtrap_01.mzml:3577.1086:DLSLEEIQK+2	1	26556	7.175725	0.96854866	1.0505346	5.0965433	4.797139	0.04185481	0.021005886	5	4	0.7464693	-0.028535038	0.0	10.0	10.0	-0.67876005	0	9	0	1	0	0	537.7875038	1073.560455	59.618477	-.DLSLEEIQK.-	sp|P54227|STMN1_MOUSE;sp|P55821|STMN2_MOUSE	-0.0142090431524999	0.05263157894736842	0.01818181818181818	0.017251772393385975
2023_05_31_mouse_tcell_1FC+PRTC_100fmol_100ng_60k_PRM_50cm_wtrap_01.mzml:2469.5457:SENVEGTPAEDGAEPGSLR+2	1	18373	5.3871827	0.47793964	0.4707747	5.0861526	4.79319	0.27205044	0.13857567	2	2	3.2605884	-2.4454412	0.0	10.0	10.0	-1.3684149	0	19	0	1	0	0	957.9374158	1913.860279	41.159096	-.SENVEGTPAEDGAEPGSLR.-	sp|Q01320|TOP2A_MOUSE	-0.0150294434927799	0.047619047619047616	0.01818181818181818	0.017251772393385975
2023_05_31_mouse_tcell_1FC+PRTC_100fmol_100ng_60k_PRM_50cm_wtrap_01.mzml:4834.3823:ASGQAFELILSPR+2	1	35828	6.908842	0.74711865	0.735958	5.5286307	5.2309537	0.1362792	0.06866768	4	4	3.102585	-2.270681	0.0	10.0	10.0	-2.470073	0	13	0	1	0	0	694.8802588	1387.745965	80.57304	-.ASGQAFELILSPR.-	sp|P54227|STMN1_MOUSE	-0.01530025784287	0.043478260869565216	0.01818181818181818	0.017251772393385975
2023_05_31_mouse_tcell_1FC+PRTC_100fmol_100ng_60k_PRM_50cm_wtrap_01.mzml:2308.0383:EIVHIQAGQC[+57.0214635]GNQIGAK+3	1	17180	6.1579695	0.37343746	0.4361169	5.3798184	4.9123607	0.19681258	0.06626134	3	0	2.2241006	-1.6680754	0.6822628	1.3488467	1.3488467	-1.9605076	0	17	0	0	1	0	608.312466	1821.915569	38.467304	-.EIVHIQAGQC[+57.0214635]GNQIGAK.-	sp|P99024|TBB5_MOUSE;sp|Q7TMM9|TBB2A_MOUSE;sp|Q9CWF2|TBB2B_MOUSE;sp|Q9ERD7|TBB3_MOUSE	-0.01599860455216	0.04	0.01818181818181818	0.017251772393385975
2023_05_31_mouse_tcell_1FC+PRTC_100fmol_100ng_60k_PRM_50cm_wtrap_01.mzml:2308.0383:EIVHLQAGQC[+57.0214635]GNQIGAK+3	1	17180	6.1579695	0.37343746	0.4361169	5.3798184	4.9123607	0.19681258	0.06626134	3	0	2.2241006	-1.6680754	0.6822628	1.3488467	1.3488467	-1.9605076	0	17	0	0	1	0	608.312466	1821.915569	38.467304	-.EIVHLQAGQC[+57.0214635]GNQIGAK.-	sp|P68372|TBB4B_MOUSE;sp|Q9D6F9|TBB4A_MOUSE	-0.01599860455216	0.037037037037037035	0.01818181818181818	0.019108757470930902
2023_05_31_mouse_tcell_1FC+PRTC_100fmol_100ng_60k_PRM_50cm_wtrap_01.mzml:3677.907:SKESVPDFPLSPPK+3	1	27300	6.5122795	0.44174594	0.4747985	5.7341285	5.439992	0.25991622	0.13104974	3	0	0.45601603	-0.3304393	0.61931443	2.0927176	-2.0927176	-2.879617	1	14	0	0	1	0	509.9399627	1526.798059	61.29845	-.SKESVPDFPLSPPK.-	sp|P54227|STMN1_MOUSE	-0.01671046705338	0.034482758620689655	0.01818181818181818	0.024314091535609147
2023_05_31_mouse_tcell_1FC+PRTC_100fmol_100ng_60k_PRM_50cm_wtrap_01.mzml:1787.9952:FNAHGDANTIVC[+57.0214635]NTK+3	1	13336	6.415408	0.5692504	0.55246955	5.6372566	5.3399024	0.14367999	0.07245064	3	1	3.5312684	-2.6484513	0.0	10.0	10.0	-1.7485528	0	15	0	0	1	0	554.5948614	1660.762755	29.799921	-.FNAHGDANTIVC[+57.0214635]NTK.-	sp|P16045|LEG1_MOUSE	-0.0175572449756099	0.03225806451612903	0.01818181818181818	0.032351538310302796
2023_05_31_mouse_tcell_1FC+PRTC_100fmol_100ng_60k_PRM_50cm_wtrap_01.mzml:1980.9998:SETMETEDVPTSSR+2	1	14763	6.1181602	0.411866	0.5482981	5.340009	5.0403886	0.08268266	0.041475687	3	3	1.4809446	-1.1107085	0.0	10.0	10.0	-1.0059733	0	14	0	1	0	0	784.8408673	1567.667182	33.016663	-.SETMETEDVPTSSR.-	sp|Q62351|TFR1_MOUSE	-0.0176250363886679	0.030303030303030304	0.01818181818181818	0.04272221301379164
2023_05_31_mouse_tcell_1FC+PRTC_100fmol_100ng_60k_PRM_50cm_wtrap_01.mzml:2837.6904:TQQVIPMVK+2	1	21094	7.1745796	0.6325679	0.7595992	5.7943683	5.495612	0.12695281	0.063809656	4	1	2.0559301	-0.6496132	0.0	10.0	10.0	-1.5238023	0	9	0	1	0	0	522.2995283	1042.584504	47.29484	-.TQQVIPMVK.-	sp|P04187|GRAB_MOUSE	-0.0182013879564839	0.02857142857142857	0.01818181818181818	0.05491716707008258
2023_05_31_mouse_tcell_1FC+PRTC_100fmol_100ng_60k_PRM_50cm_wtrap_01.mzml:1652.9745:DREC[+57.0214635]ESYFK+2	1	12338	6.141719	0.4933421	0.49250504	5.363568	5.064704	0.12776265	0.06420073	3	0	2.2606018	0.10405958	0.8278808	6.409669	-6.409669	-1.3868852	1	9	0	1	0	0	617.2638658	1232.513179	27.549574	-.DREC[+57.0214635]ESYFK.-	sp|P04187|GRAB_MOUSE	-0.0183062868699599	0.02702702702702703	0.01818181818181818	0.06839452202592528
2023_05_31_mouse_tcell_1FC+PRTC_100fmol_100ng_60k_PRM_50cm_wtrap_01.mzml:4182.162:TNIIPVIEDAR+2	1	31022	6.1857853	0.52828676	0.6049678	5.407634	4.934834	0.07876612	0.026517928	3	3	0.69046193	-0.29068893	0.0	10.0	10.0	-2.5492735	0	11	0	1	0	0	620.8484273	1239.682302	69.702705	-.TNIIPVIEDAR.-	sp|P35550|FBRL_MOUSE	-0.0202531328960719	0.02564102564102564	0.01818181818181818	0.08256101194088482
2023_05_31_mouse_tcell_1FC+PRTC_100fmol_100ng_60k_PRM_50cm_wtrap_01.mzml:4182.162:TNIIPVLEDAR+2	1	31022	6.1857853	0.52828676	0.6049678	5.407634	4.934834	0.07876612	0.026517928	3	3	0.69046193	-0.29068893	0.0	10.0	10.0	-2.5492735	0	11	0	1	0	0	620.8484273	1239.682302	69.702705	-.TNIIPVLEDAR.-	sp|Q80WS3|FBLL1_MOUSE	-0.0202531328960719	0.024390243902439025	0.01818181818181818	0.09675871637562727
2023_05_31_mouse_tcell_1FC+PRTC_100fmol_100ng_60k_PRM_50cm_wtrap_01.mzml:5095.7573:LNMEAINYMAADGDFK+2	1	37752	5.327904	0.3686561	0.36242357	5.026874	4.7295203	0.3252091	0.1639867	2	2	0.6570235	-0.4927676	0.0	10.0	10.0	-2.168024	0	16	0	1	0	0	901.9080258	1801.801499	84.92929	-.LNMEAINYMAADGDFK.-	sp|P16045|LEG1_MOUSE	-0.0209999606713499	0.023255813953488372	0.01818181818181818	0.11025854962342559
2023_05_31_mouse_tcell_1FC+PRTC_100fmol_100ng_60k_PRM_50cm_wtrap_01.mzml:2833.88:SGYLLPDTK+2	1	21066	7.0193305	0.39107743	0.40476227	5.639119	5.340147	0.09119225	0.045812707	4	0	2.6639116	-1.9979336	0.0	10.0	10.0	-1.7451674	0	9	0	1	0	0	497.2662033	992.5178537	47.23133	-.SGYLLPDTK.-	sp|P08113|ENPL_MOUSE	-0.021172882929748	0.022222222222222223	0.01818181818181818	0.12226264426280821
2023_05_31_mouse_tcell_1FC+PRTC_100fmol_100ng_60k_PRM_50cm_wtrap_01.mzml:3963.761:IMNTFSVVPSPK+2	1	29410	6.359665	0.4728298	0.49425566	5.581514	5.2834053	0.20311002	0.10224051	3	3	1.4476967	-0.52338505	0.0	10.0	10.0	-1.9190726	0	12	0	1	0	0	660.3550308	1318.695509	66.06268	-.IMNTFSVVPSPK.-	sp|P68372|TBB4B_MOUSE;sp|P99024|TBB5_MOUSE;sp|Q9D6F9|TBB4A_MOUSE;sp|Q9ERD7|TBB3_MOUSE	-0.02130607986389	0.02127659574468085	0.01818181818181818	0.1319179674278901
2023_05_31_mouse_tcell_1FC+PRTC_100fmol_100ng_60k_PRM_50cm_wtrap_01.mzml:1775.2666:FVSNITR+2	1	13242	7.6850033	0.5415356	0.72142553	5.6058216	5.3060923	0.24723367	0.1239877	5	1	3.328242	1.0942246	0.42942655	4.109524	-0.7366079	-0.32343197	0	7	0	1	0	0	418.7348773	835.4552017	29.587776	-.FVSNITR.-	sp|P13864|DNMT1_MOUSE	-0.0219344784526299	0.02040816326530612	0.01818181818181818	0.1383431143688081
2023_05_31_mouse_tcell_1FC+PRTC_100fmol_100ng_60k_PRM_50cm_wtrap_01.mzml:1705.1606:NMMAAC[+57.0214635]DPR+2	1	12724	6.477029	0.65371466	0.80637014	5.698878	5.400122	0.2592157	0.13028827	3	2	1.4842955	-0.57625055	0.0	10.0	10.0	-3.0	0	9	0	1	0	0	533.2173548	1064.420157	28.419344	-.NMMAAC[+57.0214635]DPR.-	sp|P68372|TBB4B_MOUSE;sp|P99024|TBB5_MOUSE;sp|Q7TMM9|TBB2A_MOUSE;sp|Q922F4|TBB6_MOUSE;sp|Q9CWF2|TBB2B_MOUSE;sp|Q9D6F9|TBB4A_MOUSE;sp|Q9ERD7|TBB3_MOUSE	-0.02220463871363	0.0196078431372549	0.01818181818181818	0.14066902089224467
2023_05_31_mouse_tcell_1FC+PRTC_100fmol_100ng_60k_PRM_50cm_wtrap_01.mzml:2684.272:LEEALLR+2	1	19960	6.7433214	0.6653965	0.88105536	4.6641397	4.364302	0.21725926	0.10892836	5	1	2.0833313	1.1404924	0.11426826	1.1347724	1.1347724	-1.7749233	0	7	0	1	0	0	422.2503603	842.4861677	44.737865	-.LEEALLR.-	sp|P97313|PRKDC_MOUSE;sp|Q8C147|DOCK8_MOUSE	-0.02261921508104	0.018867924528301886	0.01818181818181818	0.1476054777170477
2023_05_31_mouse_tcell_1FC+PRTC_100fmol_100ng_60k_PRM_50cm_wtrap_01.mzml:1480.7091:LEC[+57.0214635]EDIK+2	1	11065	7.21211	0.3958914	0.6317171	5.8318987	5.532278	0.06805585	0.034138516	4	0	3.1795108	-2.384633	0.0	10.0	10.0	-1.6969725	0	7	0	1	0	0	453.7154933	905.4164337	24.678486	-.LEC[+57.0214635]EDIK.-	sp|E9PVX6|KI67_MOUSE	-0.023422700783424	0.01818181818181818	0.01818181818181818	0.1673670257812238
2023_05_31_mouse_tcell_1FC+PRTC_100fmol_100ng_60k_PRM_50cm_wtrap_01.mzml:5188.2764:NSSYFVEWIPNNVK+2	1	38433	5.7790914	0.17247726	0.28693727	5.478061	5.180276	0.30728382	0.15479423	2	2	0.66042966	-0.49532226	0.0	10.0	10.0	-1.7295408	0	14	0	1	0	0	848.9201068	1695.825661	86.471275	-.NSSYFVEWIPNNVK.-	sp|P68372|TBB4B_MOUSE;sp|P99024|TBB5_MOUSE;sp|Q7TMM9|TBB2A_MOUSE;sp|Q922F4|TBB6_MOUSE;sp|Q9CWF2|TBB2B_MOUSE;sp|Q9D6F9|TBB4A_MOUSE;sp|Q9ERD7|TBB3_MOUSE	-0.02541770933813	0.05263157894736842	0.05084745762711865	0.2412420440975104
2023_05_31_mouse_tcell_1FC+PRTC_100fmol_100ng_60k_PRM_50cm_wtrap_01.mzml:1312.7496:ESKDPADETEAD+2	1	9823	5.2947073	0.3186816	0.3058704	4.993677	4.695677	0.273441	0.13767754	2	0	1.1854129	-0.88905966	0.0	10.0	10.0	-2.1763232	1	12	0	1	0	0	653.7676938	1305.520835	21.87916	-.ESKDPADETEAD.-	sp|P54227|STMN1_MOUSE	-0.02556277454938	0.05084745762711865	0.05084745762711865	0.2939142061367569
2023_05_31_mouse_tcell_1FC+PRTC_100fmol_100ng_60k_PRM_50cm_wtrap_01.mzml:3881.3489:VTSLTAC[+57.0214635]LVNQNLR+3	1	28802	6.418092	0.40079138	0.54876393	5.0378804	4.7400956	0.21896511	0.1103037	4	4	1.8960686	-1.176064	0.0	10.0	10.0	-2.7633443	0	14	0	0	1	0	530.2873687	1587.840277	64.68915	-.VTSLTAC[+57.0214635]LVNQNLR.-	sp|P01831|THY1_MOUSE	-0.0257499204965499	0.08196721311475409	0.08196721311475409	0.42604110218816593
2023_05_31_mouse_tcell_1FC+PRTC_100fmol_100ng_60k_PRM_50cm_wtrap_01.mzml:1748.8741:ESTDVEPGVGR+2	1	13047	5.901039	0.12190864	0.49378732	5.122888	4.650534	0.21066283	0.08848449	3	0	0.36361265	-0.2433296	0.0	10.0	10.0	-2.5774536	0	11	0	1	0	0	573.2752923	1144.536032	29.147902	-.ESTDVEPGVGR.-	sp|Q8C147|DOCK8_MOUSE	-0.02671238808541	0.1111111111111111	0.1111111111111111	0.5795979785503546
2023_05_31_mouse_tcell_1FC+PRTC_100fmol_100ng_60k_PRM_50cm_wtrap_01.mzml:1518.5853:GQNEDPGSLLTQFRR+3	1	11345	5.564397	0.26998517	0.2610507	4.7862453	4.4076376	0.38629842	0.12735613	3	1	0.70072204	-0.19439411	0.0	10.0	10.0	-2.1798153	1	15	0	0	1	0	573.2920587	1716.854347	25.309755	-.GQNEDPGSLLTQFRR.-	sp|P10852|4F2_MOUSE	-0.0273443941705999	0.16923076923076924	0.16417910447761194	0.7626192027739344
2023_05_31_mouse_tcell_1FC+PRTC_100fmol_100ng_60k_PRM_50cm_wtrap_01.mzml:3043.8264:EAAGEGPVLYEDPPDQK+2	1	22617	4.797947	0.24833332	0.241769	4.797947	4.5010233	0.65018404	0.3281804	1	1	0.7545336	-0.5659002	0.0	10.0	10.0	-2.3005133	0	17	0	1	0	0	907.9257848	1813.837017	50.730442	-.EAAGEGPVLYEDPPDQK.-	sp|P28352|APEX1_MOUSE	-0.0278085774642	0.16417910447761194	0.16417910447761194	0.7792371649773134
2023_05_31_mouse_tcell_1FC+PRTC_100fmol_100ng_60k_PRM_50cm_wtrap_01.mzml:2846.0862:LLEFQNDR+2	1	21156	6.015539	0.21361323	0.46145132	5.237388	4.917791	0.41708028	0.20818372	3	1	1.2789977	-0.26747864	0.1578952	7.653196	-7.653196	-1.9961152	0	8	0	1	0	0	517.7669058	1033.519259	47.43477	-.LLEFQNDR.-	sp|P29391|FRIL1_MOUSE	-0.02949599317951	0.30434782608695654	0.30434782608695654	0.7792371649773134
2023_05_31_mouse_tcell_1FC+PRTC_100fmol_100ng_60k_PRM_50cm_wtrap_01.mzml:5746.569:SGPFGQIFRPDNFVFGQSGAGNNWAK+3	1	42540	4.7382326	0.24782652	0.23220833	4.7382326	4.4434543	0.890866	0.4493599	1	1	0.41723868	0.312929	0.0	10.0	10.0	-2.3154418	0	26	0	0	1	0	933.4526424	2797.336098	95.776146	-.SGPFGQIFRPDNFVFGQSGAGNNWAK.-	sp|P68372|TBB4B_MOUSE;sp|P99024|TBB5_MOUSE;sp|Q7TMM9|TBB2A_MOUSE;sp|Q9CWF2|TBB2B_MOUSE;sp|Q9D6F9|TBB4A_MOUSE	-0.02994195094207	0.38028169014084506	0.3698630136986301	0.7792371649773134
2023_05_31_mouse_tcell_1FC+PRTC_100fmol_100ng_60k_PRM_50cm_wtrap_01.mzml:2192.4883:VC[+57.0214635]AGYFR+2	1	16326	5.6599903	0.4041093	0.4881809	5.35896	5.059123	0.23139323	0.116014786	2	2	0.12534538	0.094009034	0.0	10.0	10.0	-3.0	0	7	0	1	0	0	436.7078018	871.4010507	36.54147	-.VC[+57.0214635]AGYFR.-	sp|P20334|TNR9_MOUSE	-0.030227845607546	0.3698630136986301	0.3698630136986301	0.7792371649773134
2023_05_31_mouse_tcell_1FC+PRTC_100fmol_100ng_60k_PRM_50cm_wtrap_01.mzml:4181.0947:DPPGPQPQASSSIR+2	1	31014	4.9359813	0.15445451	0.47191525	4.634951	4.3396378	0.38363728	0.19436023	2	2	1.6520681	-1.2390511	0.0	10.0	10.0	-3.0	0	14	0	1	0	0	718.8600548	1435.705557	69.68491	-.DPPGPQPQASSSIR.-	sp|O54824|IL16_MOUSE	-0.03105932200632	0.4666666666666667	0.45454545454545453	0.7792371649773134
2023_05_31_mouse_tcell_1FC+PRTC_100fmol_100ng_60k_PRM_50cm_wtrap_01.mzml:4415.198:MDSNTQGIENPGFETTPPFQGMPEAK+3	1	32740	3.6558301	0.2446769	-0.01893573	3.6558301	3.358799	0.68526614	0.34580246	1	1	2.5024583	-1.8768438	0.0	10.0	10.0	-2.5860424	0	26	0	0	1	0	941.7581927	2822.252749	73.58664	-.MDSNTQGIENPGFETTPPFQGMPEAK.-	sp|Q9D659|VISTA_MOUSE	-0.03112358101789	0.45454545454545453	0.45454545454545453	0.7792371649773134
2023_05_31_mouse_tcell_1FC+PRTC_100fmol_100ng_60k_PRM_50cm_wtrap_01.mzml:1378.3296:AAADDGEEPKSEPETK+3	1	10308	5.015599	0.17970045	0.2696736	4.7145686	4.4167833	0.41830093	0.21071911	2	0	2.2866094	1.0190313	0.0	10.0	10.0	-2.611609	1	16	0	0	1	0	558.5882064	1672.74279	22.97216	-.AAADDGEEPKSEPETK.-	sp|P28352|APEX1_MOUSE	-0.0313485515759899	0.5443037974683544	0.5033557046979866	0.7792371649773134
2023_05_31_mouse_tcell_1FC+PRTC_100fmol_100ng_60k_PRM_50cm_wtrap_01.mzml:1377.3958:GDSVSDNGSEAVR+2	1	10301	4.665582	0.27299574	0.31958213	4.364552	3.8962438	0.6557741	0.24241236	2	1	0.38864315	-0.29148236	0.0	10.0	10.0	-1.9622774	0	13	0	1	0	0	646.7892943	1291.564036	22.956596	-.GDSVSDNGSEAVR.-	sp|Q61823|PDCD4_MOUSE	-0.0318445447350599	0.5555555555555556	0.5033557046979866	0.7792371649773134
2023_05_31_mouse_tcell_1FC+PRTC_100fmol_100ng_60k_PRM_50cm_wtrap_01.mzml:1345.8828:AAATPESQEPQAK+2	1	10068	4.5690727	0.117159046	0.1691419	4.2680426	3.8901482	0.48644552	0.22730191	2	0	0.25930753	0.18323964	0.0	10.0	10.0	-2.3577318	0	13	0	1	0	0	664.3280568	1326.641561	22.43138	-.AAATPESQEPQAK.-	sp|P28667|MRP_MOUSE	-0.0319869641335199	0.5421686746987951	0.5033557046979866	0.7792371649773134
2023_05_31_mouse_tcell_1FC+PRTC_100fmol_100ng_60k_PRM_50cm_wtrap_01.mzml:4596.739:GQNEDPGSLLTQFR+2	1	34078	4.900252	0.24272497	0.2346835	4.900252	4.602575	0.62051016	0.3126596	1	1	1.1539248	-0.8654436	0.0	10.0	10.0	-2.2749372	0	14	0	1	0	0	781.3838943	1560.753236	76.61231	-.GQNEDPGSLLTQFR.-	sp|P10852|4F2_MOUSE	-0.03224408160655	0.5294117647058824	0.5033557046979866	0.7792371649773134
2023_05_31_mouse_tcell_1FC+PRTC_100fmol_100ng_60k_PRM_50cm_wtrap_01.mzml:1318.5574:KTTGAAQEEDAC[+57.0214635]SC[+57.0214635]R+3	1	9866	4.4483275	0.4242874	0.83161515	4.1472974	3.8483253	0.4461534	0.22413632	2	1	1.4528443	0.99676555	0.0	10.0	10.0	-2.387918	1	15	0	0	1	0	561.9068884	1682.698836	21.975956	-.KTTGAAQEEDAC[+57.0214635]SC[+57.0214635]R.-	sp|P20334|TNR9_MOUSE	-0.03228361313488	0.5172413793103449	0.5033557046979866	0.7792371649773134
2023_05_31_mouse_tcell_1FC+PRTC_100fmol_100ng_60k_PRM_50cm_wtrap_01.mzml:2997.9604:IIFDDFR+2	1	22278	5.652692	0.16586956	0.23130554	4.8745403	4.521647	0.4117646	0.16377793	3	1	0.43137252	-0.177973	0.1430816	0.7447097	0.7447097	-2.6619911	0	7	0	1	0	0	463.2425353	924.4705177	49.966007	-.IIFDDFR.-	sp|P46978|STT3A_MOUSE	-0.0334863461161999	0.550561797752809	0.5033557046979866	0.7792371649773134
2023_05_31_mouse_tcell_1FC+PRTC_100fmol_100ng_60k_PRM_50cm_wtrap_01.mzml:1924.4615:ISEQFTAMFR+2	1	14345	5.639356	0.23604402	0.3493057	5.338326	4.919319	0.6656919	0.2437308	2	1	0.48604074	-0.36453056	0.0	10.0	10.0	-3.0	0	10	0	1	0	0	615.3027988	1228.591045	32.07436	-.ISEQFTAMFR.-	sp|P68372|TBB4B_MOUSE;sp|P99024|TBB5_MOUSE;sp|Q7TMM9|TBB2A_MOUSE;sp|Q9CWF2|TBB2B_MOUSE;sp|Q9D6F9|TBB4A_MOUSE;sp|Q9ERD7|TBB3_MOUSE	-0.03358265523458	0.5384615384615384	0.5033557046979866	0.7792371649773134
2023_05_31_mouse_tcell_1FC+PRTC_100fmol_100ng_60k_PRM_50cm_wtrap_01.mzml:3239.526:DMGFTEEEFKR+3	1	24063	5.186842	0.44863656	0.5034395	4.885812	4.5092487	0.46908832	0.21702313	2	2	0.44419432	-0.33314574	0.0	10.0	10.0	-3.0	1	11	0	0	1	0	463.5432154	1387.607817	53.9921	-.DMGFTEEEFKR.-	sp|P03958|ADA_MOUSE	-0.0336434403259799	0.5268817204301075	0.5033557046979866	0.7792371649773134
2023_05_31_mouse_tcell_1FC+PRTC_100fmol_100ng_60k_PRM_50cm_wtrap_01.mzml:4949.059:LAVNMVPFPR+2	1	36672	6.8924923	0.149367	0.17310645	6.1143413	5.8198843	0.45977122	0.23339134	3	0	6.4643207	-1.4939682	0.0	10.0	10.0	-2.7838507	0	10	0	1	0	0	572.3207943	1142.627036	82.48432	-.LAVNMVPFPR.-	sp|A2AQ07|TBB1_MOUSE;sp|P68372|TBB4B_MOUSE;sp|P99024|TBB5_MOUSE;sp|Q7TMM9|TBB2A_MOUSE;sp|Q922F4|TBB6_MOUSE;sp|Q9CWF2|TBB2B_MOUSE;sp|Q9D6F9|TBB4A_MOUSE;sp|Q9ERD7|TBB3_MOUSE	-0.03374155249181	0.5157894736842106	0.5033557046979866	0.7792371649773134
2023_05_31_mouse_tcell_1FC+PRTC_100fmol_100ng_60k_PRM_50cm_wtrap_01.mzml:3089.7073:IVAPGKGILAADESTGSIAK+3	1	22956	5.032345	0.17351209	-0.027975162	5.032345	4.7363877	0.81651896	0.41305652	1	1	1.7738675	-1.3304006	0.0	10.0	10.0	-2.2419138	1	20	0	0	1	0	633.3579577	1897.052044	51.49512	-.IVAPGKGILAADESTGSIAK.-	sp|P05064|ALDOA_MOUSE	-0.0339863231410799	0.5463917525773195	0.5033557046979866	0.7792371649773134
2023_05_31_mouse_tcell_1FC+PRTC_100fmol_100ng_60k_PRM_50cm_wtrap_01.mzml:3293.5566:LLTTIGKDLDFAK+3	1	24462	5.1689806	0.0781815	0.14897361	4.8679504	4.570381	0.42178687	0.2125806	2	0	0.08175564	-0.017418208	0.0	10.0	10.0	-3.0	1	13	0	0	1	0	478.9449374	1433.812983	54.892612	-.LLTTIGKDLDFAK.-	sp|Q6NZJ6|IF4G1_MOUSE	-0.0340639440936459	0.5353535353535354	0.5033557046979866	0.7792371649773134
2023_05_31_mouse_tcell_1FC+PRTC_100fmol_100ng_60k_PRM_50cm_wtrap_01.mzml:3167.6672:IC[+57.0214635]DFGLAR+2	1	23532	5.5491858	0.13430932	0.32713318	5.2481556	4.948643	0.5045638	0.2531649	2	1	0.3075987	-0.23069903	0.98767996	3.6293437	-2.2667706	-1.9833231	0	8	0	1	0	0	476.2394703	950.4643877	52.794453	-.IC[+57.0214635]DFGLAR.-	sp|O54949|NLK_MOUSE;sp|P05532|KIT_MOUSE;sp|P05622|PGFRB_MOUSE;sp|P26618|PGFRA_MOUSE;sp|P35917|VGFR3_MOUSE;sp|P35918|VGFR2_MOUSE;sp|P35969|VGFR1_MOUSE;sp|P63085|MK01_MOUSE;sp|Q00342|FLT3_MOUSE;sp|Q63844|MK03_MOUSE	-0.03414210099481	0.5247524752475248	0.5033557046979866	0.7792371649773134
2023_05_31_mouse_tcell_1FC+PRTC_100fmol_100ng_60k_PRM_50cm_wtrap_01.mzml:2575.749:LLTTQSEDTQGPGLK+2	1	19158	4.584475	0.19637221	0.19376776	4.584475	4.2933207	0.74587023	0.38151264	1	1	0.941912	-0.706434	0.0	10.0	10.0	-2.3538814	0	15	0	1	0	0	794.4148608	1586.815169	42.92915	-.LLTTQSEDTQGPGLK.-	sp|O54824|IL16_MOUSE	-0.0342481886672099	0.5339805825242718	0.5033557046979866	0.7792371649773134
2023_05_31_mouse_tcell_1FC+PRTC_100fmol_100ng_60k_PRM_50cm_wtrap_01.mzml:2344.4258:GINSNNLESQLQATQAAR+2	1	17449	4.167197	0.2103645	0.24694139	4.167197	3.874235	0.9258693	0.47161466	1	1	0.96747184	0.7256039	0.0	10.0	10.0	-2.4582007	0	18	0	1	0	0	957.9850348	1913.955517	39.073765	-.GINSNNLESQLQATQAAR.-	sp|P52293|IMA1_MOUSE	-0.03433604192445	0.5238095238095238	0.5033557046979866	0.7792371649773134
2023_05_31_mouse_tcell_1FC+PRTC_100fmol_100ng_60k_PRM_50cm_wtrap_01.mzml:4121.211:AILSTKPPGTFLLR+3	1	30572	5.503902	0.05092773	0.17650777	5.202872	4.9048715	0.53245115	0.26808915	2	0	0.9620207	0.72151554	0.0	10.0	10.0	-2.0546937	0	14	0	0	1	0	505.30821	1512.902801	68.68685	-.AILSTKPPGTFLLR.-	sp|P42227|STAT3_MOUSE	-0.03440152733972	0.5514018691588785	0.5033557046979866	0.7792371649773134
2023_05_31_mouse_tcell_1FC+PRTC_100fmol_100ng_60k_PRM_50cm_wtrap_01.mzml:3775.0576:FLLNNEIPK+2	1	28017	4.770031	0.5127828	0.8872006	4.469001	4.1700287	0.51305735	0.25730014	2	1	1.3074963	-0.98062223	0.0	10.0	10.0	-1.3214698	0	9	0	1	0	0	544.3109488	1086.607345	62.917625	-.FLLNNEIPK.-	sp|O89110|CASP8_MOUSE	-0.03450863452637	0.5412844036697247	0.5033557046979866	0.7792371649773134
2023_05_31_mouse_tcell_1FC+PRTC_100fmol_100ng_60k_PRM_50cm_wtrap_01.mzml:2353.1213:TILIEANR+2	1	17513	6.0840063	0.27535507	0.63651246	5.305855	5.00645	0.41758257	0.20957428	3	1	2.9322815	0.94706154	0.8874457	9.540242	9.540242	-3.0	0	8	0	1	0	0	465.2743668	928.5341807	39.21869	-.TILIEANR.-	sp|Q9JL26|FMNL1_MOUSE	-0.0346612453867899	0.5495495495495496	0.5033557046979866	0.7792371649773134
2023_05_31_mouse_tcell_1FC+PRTC_100fmol_100ng_60k_PRM_50cm_wtrap_01.mzml:2385.453:AIGNIVTGTDEQTQK+2	1	17752	5.1955366	0.24308456	0.31131238	5.1955366	4.8981824	0.97813493	0.4932245	1	1	0.2639742	-0.19798064	0.0	10.0	10.0	-1.5659299	0	15	0	1	0	0	787.9046603	1573.794768	39.75755	-.AIGNIVTGTDEQTQK.-	sp|P52293|IMA1_MOUSE	-0.03486534070638	0.5398230088495575	0.5033557046979866	0.7792371649773134
2023_05_31_mouse_tcell_1FC+PRTC_100fmol_100ng_60k_PRM_50cm_wtrap_01.mzml:5210.821:KVVEPELMGTPDGPC[+57.0214635]YPAPPVPR+3	1	38599	0.0	-0.000508	0.2376525	0.0	0.0	0.11680212	0.059569076	0	0	0.0	0.0	0.6799806	7.4875937	-7.4875937	-3.0	1	23	0	0	1	0	836.087142	2505.239597	86.847015	-.KVVEPELMGTPDGPC[+57.0214635]YPAPPVPR.-	sp|B2RQC6|PYR1_MOUSE	-0.034886376232764	0.5304347826086957	0.5033557046979866	0.7792371649773134
2023_05_31_mouse_tcell_1FC+PRTC_100fmol_100ng_60k_PRM_50cm_wtrap_01.mzml:4642.2466:ANC[+57.0214635]IDSTASAEAVFASEVK+2	1	34413	0.0	0.0	-0.010000001	0.0	0.0	0.10583453	0.053287685	0	0	0.0	0.0	0.0	10.0	10.0	-3.0	0	19	0	1	0	0	985.4622123	1968.909872	77.37077	-.ANC[+57.0214635]IDSTASAEAVFASEVK.-	sp|P35550|FBRL_MOUSE	-0.0350819465720149	0.5726495726495726	0.5033557046979866	0.7792371649773134
2023_05_31_mouse_tcell_1FC+PRTC_100fmol_100ng_60k_PRM_50cm_wtrap_01.mzml:1457.0632:VGTQTFC[+57.0214635]SR+2	1	10890	5.239554	0.21496616	0.30310443	4.938524	4.639552	0.43879527	0.22043978	2	0	2.7415228	-1.7663263	0.0	10.0	10.0	-2.1901114	0	9	0	1	0	0	528.2505668	1054.486581	24.284388	-.VGTQTFC[+57.0214635]SR.-	sp|Q3U7R1|ESYT1_MOUSE	-0.03531666411417	0.5630252100840336	0.5033557046979866	0.7792371649773134
2023_05_31_mouse_tcell_1FC+PRTC_100fmol_100ng_60k_PRM_50cm_wtrap_01.mzml:1923.1251:LFIIQAC[+57.0214635]R+2	1	14335	5.8371506	0.2250933	0.280495	5.0589995	4.590691	0.34661973	0.117908485	3	0	6.347815	-4.7608614	0.0	10.0	10.0	-1.9121113	0	8	0	1	0	0	510.7865878	1019.558623	32.052086	-.LFIIQAC[+57.0214635]R.-	sp|P70677|CASP3_MOUSE	-0.0353387535722399	0.5537190082644629	0.5033557046979866	0.7792371649773134
2023_05_31_mouse_tcell_1FC+PRTC_100fmol_100ng_60k_PRM_50cm_wtrap_01.mzml:1923.1251:IFIIQAC[+57.0214635]R+2	1	14335	5.835045	0.2250933	0.280495	5.0568933	4.588585	0.3473552	0.11815865	3	0	6.347815	-4.7608614	0.0	10.0	10.0	-1.9130268	0	8	0	1	0	0	510.7865878	1019.558623	32.052086	-.IFIIQAC[+57.0214635]R.-	sp|O08738|CASP6_MOUSE	-0.0353563049202	0.5447154471544715	0.5033557046979866	0.7792371649773134
2023_05_31_mouse_tcell_1FC+PRTC_100fmol_100ng_60k_PRM_50cm_wtrap_01.mzml:2306.267:IVGLQYK+2	1	17167	5.248714	0.20181206	0.37150043	4.947684	4.647846	0.25292847	0.12681201	2	0	2.9095967	-2.0150948	0.0	10.0	10.0	-3.0	0	7	0	1	0	0	410.7499923	819.4854317	38.437786	-.IVGLQYK.-	sp|Q01320|TOP2A_MOUSE;sp|Q64511|TOP2B_MOUSE	-0.03575403926309	0.536	0.5033557046979866	0.7792371649773134
2023_05_31_mouse_tcell_1FC+PRTC_100fmol_100ng_60k_PRM_50cm_wtrap_01.mzml:1491.3944:MAELC[+57.0214635]DSPREQDSESR+3	1	11144	4.4404883	0.2593594	0.5327782	4.139458	3.8400538	0.50474024	0.25331646	2	1	2.3637202	-1.7727902	0.0	10.0	10.0	-2.3898778	1	16	0	0	1	0	637.2720064	1908.79419	24.856573	-.MAELC[+57.0214635]DSPREQDSESR.-	sp|O89110|CASP8_MOUSE	-0.03584893070594	0.5275590551181102	0.5033557046979866	0.7792371649773134
2023_05_31_mouse_tcell_1FC+PRTC_100fmol_100ng_60k_PRM_50cm_wtrap_01.mzml:3490.5437:QIPC[+57.0214635]IVSMLTK+2	1	25917	4.5772667	0.188914	0.24417844	4.5772667	4.2823815	0.48675424	0.24684525	1	1	0.4956192	0.3717144	0.0	10.0	10.0	-2.758298	0	11	0	1	0	0	645.3514348	1288.688317	58.175728	-.QIPC[+57.0214635]IVSMLTK.-	sp|P70677|CASP3_MOUSE	-0.0358610137467	0.5193798449612403	0.5033557046979866	0.7792371649773134
2023_05_31_mouse_tcell_1FC+PRTC_100fmol_100ng_60k_PRM_50cm_wtrap_01.mzml:1455.6954:MIEEAGAIISTR+2	1	10880	5.2135572	0.031225849	0.19039167	4.912527	4.6203103	0.4490381	0.22912167	2	0	4.3263173	1.4182099	0.0	10.0	10.0	-1.2389846	0	12	0	1	0	0	645.8397453	1289.664938	24.261591	-.MIEEAGAIISTR.-	sp|Q91V12|BACH_MOUSE	-0.0360148917488649	0.5267175572519084	0.5033557046979866	0.7792371649773134
2023_05_31_mouse_tcell_1FC+PRTC_100fmol_100ng_60k_PRM_50cm_wtrap_01.mzml:2324.6797:ISAASEEEAVGNGAATPK+2	1	17303	0.0	-0.001570876	-0.003141753	0.0	0.0	0.116415724	0.05854255	0	0	0.0	0.0	0.0	10.0	10.0	-2.581847	0	18	0	1	0	0	851.4181308	1700.821709	38.744663	-.ISAASEEEAVGNGAATPK.-	sp|E9Q394|AKP13_MOUSE	-0.036295963927155	0.518796992481203	0.5033557046979866	0.7792371649773134
2023_05_31_mouse_tcell_1FC+PRTC_100fmol_100ng_60k_PRM_50cm_wtrap_01.mzml:4059.6775:FQSVESGANNVVFIR+2	1	30118	4.5030327	0.13261405	0.24442232	4.5030327	4.20514	0.97398144	0.4905213	1	1	0.27162132	-0.20371598	0.6386581	0.024571016	-0.024571016	-3.0	0	15	0	1	0	0	833.9310108	1665.847469	67.66129	-.FQSVESGANNVVFIR.-	sp|Q99J36|THUM1_MOUSE	-0.036518248917982	0.5259259259259259	0.5033557046979866	0.7792371649773134
2023_05_31_mouse_tcell_1FC+PRTC_100fmol_100ng_60k_PRM_50cm_wtrap_01.mzml:1794.3412:MAELC[+57.0214635]DSPR+2	1	13383	4.708956	0.15427023	0.2472679	4.4079256	4.1087375	0.5009032	0.25043786	2	0	2.712952	1.6307693	0.99660075	3.8879795	-0.2982111	-2.322761	0	9	0	1	0	0	539.7364343	1077.458316	29.905687	-.MAELC[+57.0214635]DSPR.-	sp|O89110|CASP8_MOUSE	-0.03662726540534	0.5182481751824818	0.5033557046979866	0.7792371649773134
2023_05_31_mouse_tcell_1FC+PRTC_100fmol_100ng_60k_PRM_50cm_wtrap_01.mzml:4864.857:EENADFGGAELPVVC[+57.0214635]GNAQGFLDKEK+3	1	36052	3.6536224	0.18568957	0.24636622	3.6536224	3.3556218	0.96898234	0.4878826	1	1	0.028549137	-0.021411853	0.0	10.0	10.0	-2.5865943	1	26	0	0	1	0	932.1044684	2793.291576	81.08095	-.EENADFGGAELPVVC[+57.0214635]GNAQGFLDKEK.-	sp|O35892|SP100_MOUSE	-0.036645524838924	0.5107913669064749	0.5033557046979866	0.7792371649773134
2023_05_31_mouse_tcell_1FC+PRTC_100fmol_100ng_60k_PRM_50cm_wtrap_01.mzml:4908.1895:DSC[+57.0214635]NGDSGSPLLC[+57.0214635]DGILR+2	1	36371	0.0	-0.001666667	-0.011397258	0.0	0.0	0.113314964	0.05706825	0	0	0.0	0.0	0.0	10.0	10.0	-3.0	0	18	0	1	0	0	968.4303893	1934.846226	81.803154	-.DSC[+57.0214635]NGDSGSPLLC[+57.0214635]DGILR.-	sp|P11032|GRAA_MOUSE	-0.036793411788865	0.5319148936170213	0.5033557046979866	0.7792371649773134
2023_05_31_mouse_tcell_1FC+PRTC_100fmol_100ng_60k_PRM_50cm_wtrap_01.mzml:1291.7771:EGVKFDESEK+2	1	9668	4.9178205	0.21992122	0.50386703	4.6167903	4.3179264	0.5306546	0.26665393	2	1	0.41004857	-0.30753642	0.0	10.0	10.0	-2.034254	1	10	0	1	0	0	584.2800428	1166.545533	21.52962	-.EGVKFDESEK.-	sp|P08113|ENPL_MOUSE	-0.0368734595623399	0.5244755244755245	0.5033557046979866	0.7792371649773134
2023_05_31_mouse_tcell_1FC+PRTC_100fmol_100ng_60k_PRM_50cm_wtrap_01.mzml:4941.456:SGEYSC[+57.0214635]IFLPEPVGR+2	1	36616	4.479519	0.24930826	0.31417674	4.479519	4.1815186	0.8905444	0.44838905	1	1	1.1242406	-0.8431805	0.0	10.0	10.0	-2.3801203	0	15	0	1	0	0	855.9114258	1709.808299	82.3576	-.SGEYSC[+57.0214635]IFLPEPVGR.-	sp|P18572|BASI_MOUSE	-0.0370409487548	0.5172413793103449	0.5033557046979866	0.7792371649773134
2023_05_31_mouse_tcell_1FC+PRTC_100fmol_100ng_60k_PRM_50cm_wtrap_01.mzml:4730.495:AVLVDLEPGTMDSVR+2	1	35063	4.988226	0.10784073	0.15512206	4.988226	4.690225	0.86692846	0.4364985	1	1	1.181704	-0.88627803	0.0	10.0	10.0	-2.2529435	0	15	0	1	0	0	801.4138058	1600.813059	78.84158	-.AVLVDLEPGTMDSVR.-	sp|P68372|TBB4B_MOUSE;sp|Q9D6F9|TBB4A_MOUSE	-0.0370611622783599	0.5102040816326531	0.5033557046979866	0.7792371649773134
2023_05_31_mouse_tcell_1FC+PRTC_100fmol_100ng_60k_PRM_50cm_wtrap_01.mzml:2816.9878:LQLVPGHEGLR+3	1	20941	5.168637	0.1705909	0.38828266	4.8676066	4.5684185	0.46482426	0.2333999	2	0	3.6317759	-2.723832	0.0	10.0	10.0	-2.0546465	0	11	0	0	1	0	406.9032954	1217.688057	46.949795	-.LQLVPGHEGLR.-	sp|P13379|CD5_MOUSE	-0.0371354078523	0.5033557046979866	0.5033557046979866	0.7792371649773134
2023_05_31_mouse_tcell_1FC+PRTC_100fmol_100ng_60k_PRM_50cm_wtrap_01.mzml:5192.4644:GTEPSALPFVDPNARPLAPEVSIK+3	1	38464	4.2626505	0.1597613	0.4918268	4.2626505	3.9702206	0.97537625	0.4974419	1	1	1.906799	1.4300992	0.0	10.0	10.0	-2.4343374	0	24	0	0	1	0	835.7831064	2504.32749	86.54107	-.GTEPSALPFVDPNARPLAPEVSIK.-	sp|B2RQC6|PYR1_MOUSE	-0.0380559640561	0.5894039735099338	0.5401069518716578	0.7792371649773134
2023_05_31_mouse_tcell_1FC+PRTC_100fmol_100ng_60k_PRM_50cm_wtrap_01.mzml:4384.4155:LLSDLC[+57.0214635]GTVMSTNDVEK+2	1	32513	0.0	-0.002473116	-0.009818777	0.0	0.0	0.11573377	0.05840215	0	0	0.0	0.0	0.0	10.0	10.0	-2.5168	0	17	0	1	0	0	941.4502593	1880.885966	73.07359	-.LLSDLC[+57.0214635]GTVMSTNDVEK.-	sp|Q61823|PDCD4_MOUSE	-0.0382182295097349	0.5947712418300654	0.5401069518716578	0.7792371649773134
2023_05_31_mouse_tcell_1FC+PRTC_100fmol_100ng_60k_PRM_50cm_wtrap_01.mzml:3754.3015:KLAVNMVPFPR+3	1	27864	5.3253202	0.32713446	0.39339954	5.02429	4.72575	0.538062	0.2705779	2	2	3.3806648	-2.5354986	0.0	10.0	10.0	-2.16867	1	11	0	0	1	0	424.581276	1270.721999	62.571693	-.KLAVNMVPFPR.-	sp|A2AQ07|TBB1_MOUSE;sp|P68372|TBB4B_MOUSE;sp|P99024|TBB5_MOUSE;sp|Q7TMM9|TBB2A_MOUSE;sp|Q922F4|TBB6_MOUSE;sp|Q9CWF2|TBB2B_MOUSE;sp|Q9D6F9|TBB4A_MOUSE;sp|Q9ERD7|TBB3_MOUSE	-0.0383096632077999	0.5870967741935483	0.5401069518716578	0.7792371649773134
2023_05_31_mouse_tcell_1FC+PRTC_100fmol_100ng_60k_PRM_50cm_wtrap_01.mzml:5689.994:WASSLENLLEDPEGVQR+2	1	42124	3.6273754	0.24211988	0.23448357	3.6273754	3.3277545	0.8350917	0.41890287	1	1	3.279569	2.4596767	0.0	10.0	10.0	-2.593156	0	17	0	1	0	0	971.9788863	1941.94322	94.83324	-.WASSLENLLEDPEGVQR.-	sp|Q9CQE5|RGS10_MOUSE	-0.0385546050836299	0.5923566878980892	0.5401069518716578	0.7792371649773134
2023_05_31_mouse_tcell_1FC+PRTC_100fmol_100ng_60k_PRM_50cm_wtrap_01.mzml:3146.28:NSTEC[+57.0214635]TLILTEGDSAK+2	1	23374	4.183772	0.24009219	0.23004876	4.183772	3.8862026	0.9759181	0.4918627	1	1	2.4254766	-1.8191074	0.0	10.0	10.0	-2.454057	0	16	0	1	0	0	869.9118243	1737.809096	52.438	-.NSTEC[+57.0214635]TLILTEGDSAK.-	sp|Q01320|TOP2A_MOUSE	-0.0386727474469499	0.5849056603773585	0.5401069518716578	0.7792371649773134
2023_05_31_mouse_tcell_1FC+PRTC_100fmol_100ng_60k_PRM_50cm_wtrap_01.mzml:5153.2217:FDYYMPVIAGC[+57.0214635]R+2	1	38175	4.2610154	0.18680061	0.18072632	4.2610154	3.9620433	0.57925105	0.29100126	1	1	1.8828574	1.4121431	0.0	10.0	10.0	-2.4347463	0	12	0	1	0	0	746.3415898	1490.668627	85.88703	-.FDYYMPVIAGC[+57.0214635]R.-	sp|P03958|ADA_MOUSE	-0.03873869935129	0.577639751552795	0.5401069518716578	0.7792371649773134
2023_05_31_mouse_tcell_1FC+PRTC_100fmol_100ng_60k_PRM_50cm_wtrap_01.mzml:5928.6436:ILDIIGLPGEEDWPR+2	1	43879	4.000431	0.24845825	0.24191658	4.000431	3.7018912	0.8154134	0.410051	1	1	2.727149	-2.0453618	0.0	10.0	10.0	-2.4998922	0	15	0	1	0	0	861.9566948	1721.898837	98.81072	-.ILDIIGLPGEEDWPR.-	sp|Q64261|CDK6_MOUSE	-0.0388160953462499	0.5705521472392638	0.5401069518716578	0.7792371649773134
2023_05_31_mouse_tcell_1FC+PRTC_100fmol_100ng_60k_PRM_50cm_wtrap_01.mzml:5504.1543:GLPLVDDGGWNTVPISK+2	1	40757	0.0	0.0	-0.003333334	0.0	0.0	0.13482967	0.06800471	0	0	0.0	0.0	0.0	10.0	10.0	-3.0	0	17	0	1	0	0	884.4674268	1766.920301	91.73591	-.GLPLVDDGGWNTVPISK.-	sp|Q6NZJ6|IF4G1_MOUSE	-0.03886652241909	0.5636363636363636	0.5401069518716578	0.7792371649773134
2023_05_31_mouse_tcell_1FC+PRTC_100fmol_100ng_60k_PRM_50cm_wtrap_01.mzml:1675.8147:YGC[+57.0214635]EGPSHGGLPGASSEK+3	1	12507	4.405075	0.24889827	0.048095655	4.405075	4.1092257	0.9431019	0.47720954	1	1	2.6889021	-2.0166767	0.0	10.0	10.0	-2.302868	0	18	0	0	1	0	597.265178	1788.773705	27.930244	-.YGC[+57.0214635]EGPSHGGLPGASSEK.-	sp|Q9WTK5|NFKB2_MOUSE	-0.039017401805285	0.5568862275449101	0.5401069518716578	0.7792371649773134
2023_05_31_mouse_tcell_1FC+PRTC_100fmol_100ng_60k_PRM_50cm_wtrap_01.mzml:1596.5452:DTPPQGEESHSGDGSTLETER+3	1	11921	4.0178957	0.11986037	0.3679418	4.0178957	3.7192476	0.96095264	0.48311892	1	1	0.01882487	0.014118652	0.0	10.0	10.0	-2.495526	0	21	0	0	1	0	743.6561194	2227.946529	26.609087	-.DTPPQGEESHSGDGSTLETER.-	sp|Q8C156|CND2_MOUSE	-0.039219589137276	0.5621301775147929	0.5401069518716578	0.7792371649773134
2023_05_31_mouse_tcell_1FC+PRTC_100fmol_100ng_60k_PRM_50cm_wtrap_01.mzml:3027.192:QINPTLGSQEDFKDLLQSAK+3	1	22494	4.4027133	0.06789788	0.13912068	4.4027133	4.1067567	0.91129667	0.46100214	1	0	0.08282869	-0.062121518	0.0	10.0	10.0	-2.1850467	1	20	0	0	1	0	744.7217357	2231.143378	50.453197	-.QINPTLGSQEDFKDLLQSAK.-	sp|P10852|4F2_MOUSE	-0.039464616800676	0.5672514619883041	0.5401069518716578	0.7792371649773134
2023_05_31_mouse_tcell_1FC+PRTC_100fmol_100ng_60k_PRM_50cm_wtrap_01.mzml:3391.0154:FFLQDPR+2	1	25182	5.3656974	0.08943486	0.1058314	5.064667	4.765479	0.45645	0.22919497	2	1	0.16065778	0.12049333	0.0	10.0	10.0	-2.482419	0	7	0	1	0	0	461.7427028	921.4708527	56.516922	-.FFLQDPR.-	sp|Q3U7R1|ESYT1_MOUSE	-0.0394765507160899	0.5722543352601156	0.5401069518716578	0.7792371649773134
2023_05_31_mouse_tcell_1FC+PRTC_100fmol_100ng_60k_PRM_50cm_wtrap_01.mzml:4024.4321:FC[+57.0214635]LSC[+57.0214635]IR+2	1	29858	5.009953	0.4963174	0.5330889	4.708923	4.4113536	0.6868615	0.34612262	2	2	0.31663367	-0.23747526	0.0	10.0	10.0	-3.0	0	7	0	1	0	0	478.2280483	954.4415437	67.07387	-.FC[+57.0214635]LSC[+57.0214635]IR.-	sp|P13864|DNMT1_MOUSE	-0.0395806310228299	0.5657142857142857	0.5401069518716578	0.7792371649773134
2023_05_31_mouse_tcell_1FC+PRTC_100fmol_100ng_60k_PRM_50cm_wtrap_01.mzml:3388.5737:VMNTGSQFVMEGVK+2	1	25164	4.271112	0.061866313	0.0489615	4.271112	3.9752626	0.80441284	0.40703288	1	1	0.22876139	-0.17157105	0.0	10.0	10.0	-2.432222	0	14	0	1	0	0	763.8707198	1525.726887	56.47623	-.VMNTGSQFVMEGVK.-	sp|Q8BRF7|SCFD1_MOUSE	-0.0395911251653749	0.559322033898305	0.5401069518716578	0.7792371649773134
2023_05_31_mouse_tcell_1FC+PRTC_100fmol_100ng_60k_PRM_50cm_wtrap_01.mzml:3492.4475:YVVVSTPEK+2	1	25931	5.0645857	0.06976764	0.19815959	4.7635555	4.4713383	0.43417686	0.22153874	2	0	2.99072	2.24304	0.0	10.0	10.0	-2.8116355	0	9	0	1	0	0	511.2818533	1020.549154	58.20746	-.YVVVSTPEK.-	sp|P18572|BASI_MOUSE	-0.0395934450450099	0.553072625698324	0.5401069518716578	0.7792371649773134
2023_05_31_mouse_tcell_1FC+PRTC_100fmol_100ng_60k_PRM_50cm_wtrap_01.mzml:5138.517:LGDLLISQFSGSNAEQMR+2	1	38067	3.6984913	-0.001393228	0.060182873	3.6984913	3.3993032	0.93808305	0.47103497	1	1	0.78292483	-0.5871936	0.0	10.0	10.0	-2.5753772	0	18	0	1	0	0	983.4885643	1964.962576	85.64195	-.LGDLLISQFSGSNAEQMR.-	sp|Q60875|ARHG2_MOUSE	-0.039877238248755	0.5580110497237569	0.5401069518716578	0.7792371649773134
2023_05_31_mouse_tcell_1FC+PRTC_100fmol_100ng_60k_PRM_50cm_wtrap_01.mzml:2822.7957:SQWEALC[+57.0214635]DSSAAR+2	1	20984	4.7257166	0.16227898	0.30435652	4.7257166	4.4270687	0.91783446	0.46144122	1	1	0.18448746	-0.1383656	0.0	10.0	10.0	-2.3185709	0	13	0	1	0	0	740.8278973	1479.641242	47.046593	-.SQWEALC[+57.0214635]DSSAAR.-	sp|P13379|CD5_MOUSE	-0.0398939776880199	0.5519125683060109	0.5401069518716578	0.7792371649773134
2023_05_31_mouse_tcell_1FC+PRTC_100fmol_100ng_60k_PRM_50cm_wtrap_01.mzml:3635.3347:AGC[+57.0214635]QVVAPSDMMDGRVEAIK+3	1	26986	3.7749367	0.25	-0.009964563	3.7749367	3.476828	0.92804325	0.46715376	1	1	1.6053909	-1.2040431	0.0	10.0	10.0	-2.5562658	1	20	0	0	1	0	712.0078374	2133.001683	60.588913	-.AGC[+57.0214635]QVVAPSDMMDGRVEAIK.-	sp|P10518|HEM2_MOUSE	-0.0402751219403649	0.5459459459459459	0.5401069518716578	0.7792371649773134
2023_05_31_mouse_tcell_1FC+PRTC_100fmol_100ng_60k_PRM_50cm_wtrap_01.mzml:1455.6954:ATLWYVPLSLK+2	1	10880	5.0155478	0.08705387	0.4823502	5.0155478	4.5472393	0.97705317	0.35481608	1	0	0.003979366	-0.002984525	0.0	10.0	10.0	-2.6080031	0	11	0	1	0	0	645.8764523	1289.738352	24.261591	-.ATLWYVPLSLK.-	sp|Q91V12|BACH_MOUSE	-0.0405019343647589	0.5401069518716578	0.5401069518716578	0.7792371649773134
2023_05_31_mouse_tcell_1FC+PRTC_100fmol_100ng_60k_PRM_50cm_wtrap_01.mzml:2803.8723:DSNWISKVEK+3	1	20844	4.1781216	0.06505697	0.07712838	3.8770916	3.577579	0.40454423	0.20298006	2	0	0.75284433	-0.56463325	0.0	10.0	10.0	-2.4554696	1	10	0	0	1	0	402.5435434	1204.608801	46.731205	-.DSNWISKVEK.-	sp|Q62351|TFR1_MOUSE	-0.04104517079951	0.5978835978835979	0.5598086124401914	0.7792371649773134
2023_05_31_mouse_tcell_1FC+PRTC_100fmol_100ng_60k_PRM_50cm_wtrap_01.mzml:4597.54:ATYSTNSPVWEEAFR+2	1	34084	3.9911392	0.25000003	0.24222969	3.9911392	3.6931386	1.0018348	0.5044238	1	1	1.9948357	-1.4961268	0.0	10.0	10.0	-2.5022151	0	15	0	1	0	0	879.4101043	1756.805656	76.62566	-.ATYSTNSPVWEEAFR.-	sp|Q3U7R1|ESYT1_MOUSE	-0.0411606027092	0.5916230366492147	0.5598086124401914	0.7792371649773134
2023_05_31_mouse_tcell_1FC+PRTC_100fmol_100ng_60k_PRM_50cm_wtrap_01.mzml:4675.3726:ANC[+57.0214635]IDSTASAEAVFASEVKK+3	1	34657	0.0	-0.000814	-0.008148918	0.0	0.0	0.104175	0.052764647	0	0	0.0	0.0	0.0	10.0	10.0	-3.0	1	20	0	0	1	0	700.008888	2097.004835	77.922874	-.ANC[+57.0214635]IDSTASAEAVFASEVKK.-	sp|P35550|FBRL_MOUSE	-0.041531404855358	0.5854922279792746	0.5598086124401914	0.7792371649773134
2023_05_31_mouse_tcell_1FC+PRTC_100fmol_100ng_60k_PRM_50cm_wtrap_01.mzml:4069.59:ELILFSNSDNER+2	1	30191	4.5695376	0.24846315	0.4841041	4.5695376	4.2742243	0.82001525	0.41503033	1	1	3.0637455	-2.2978091	0.0	10.0	10.0	-2.3576155	0	12	0	1	0	0	718.8544368	1435.694321	67.8265	-.ELILFSNSDNER.-	sp|Q01320|TOP2A_MOUSE;sp|Q64511|TOP2B_MOUSE	-0.04165843840187	0.5897435897435898	0.5598086124401914	0.7792371649773134
2023_05_31_mouse_tcell_1FC+PRTC_100fmol_100ng_60k_PRM_50cm_wtrap_01.mzml:5029.171:AILVDLEPGTMDSVR+2	1	37262	0.0	-0.000533	0.08729901	0.0	0.0	0.12075192	0.06084388	0	0	0.0	0.0	0.0	10.0	10.0	-3.0	0	15	0	1	0	0	808.4216308	1614.828709	83.81951	-.AILVDLEPGTMDSVR.-	sp|P99024|TBB5_MOUSE;sp|Q7TMM9|TBB2A_MOUSE;sp|Q9CWF2|TBB2B_MOUSE;sp|Q9ERD7|TBB3_MOUSE	-0.04167198774777	0.583756345177665	0.5598086124401914	0.7817921380709677
2023_05_31_mouse_tcell_1FC+PRTC_100fmol_100ng_60k_PRM_50cm_wtrap_01.mzml:5490.693:LFTPMDFEIEGNC[+57.0214635]EK+2	1	40658	0.0	0.0	-0.009993115	0.0	0.0	0.13375571	0.06731257	0	0	0.0	0.0	0.0	10.0	10.0	-3.0	0	15	0	1	0	0	915.4078633	1828.801174	91.51155	-.LFTPMDFEIEGNC[+57.0214635]EK.-	sp|O35892|SP100_MOUSE	-0.0417273663785049	0.5879396984924623	0.5598086124401914	0.8005774413994219
2023_05_31_mouse_tcell_1FC+PRTC_100fmol_100ng_60k_PRM_50cm_wtrap_01.mzml:5515.432:YFSSGPDRTVQFWEQDGIPVLSK+3	1	40840	0.0	0.0	0.24583335	0.0	0.0	0.17718637	0.0852541	0	0	0.0	0.0	0.0	10.0	10.0	-3.0	1	23	0	0	1	0	886.1062464	2655.29691	91.92387	-.YFSSGPDRTVQFWEQDGIPVLSK.-	sp|Q60837|I12R1_MOUSE	-0.04177968277255	0.582089552238806	0.5598086124401914	0.8157956870976983
2023_05_31_mouse_tcell_1FC+PRTC_100fmol_100ng_60k_PRM_50cm_wtrap_01.mzml:5760.975:LLGATELPIVTPALR+2	1	42646	0.0	-0.004484789	-0.013066885	0.0	0.0	0.12778212	0.062157575	0	0	0.0	0.0	0.0	10.0	10.0	-3.0	0	15	0	1	0	0	782.4770668	1562.939581	96.01625	-.LLGATELPIVTPALR.-	sp|P52293|IMA1_MOUSE	-0.04184980666484	0.5763546798029556	0.5598086124401914	0.8342567360849276
2023_05_31_mouse_tcell_1FC+PRTC_100fmol_100ng_60k_PRM_50cm_wtrap_01.mzml:1269.4678:GKVEADEEPSAVR+2	1	9503	4.5904703	0.16393374	0.4661748	4.5904703	4.2924695	0.8459396	0.42593056	1	1	2.6268446	-1.9701335	0.0	10.0	10.0	-2.221834	1	13	0	1	0	0	693.8466128	1385.678673	21.157797	-.GKVEADEEPSAVR.-	sp|E9PVX6|KI67_MOUSE	-0.0419111232445399	0.5707317073170731	0.5598086124401914	0.8554722307644617
2023_05_31_mouse_tcell_1FC+PRTC_100fmol_100ng_60k_PRM_50cm_wtrap_01.mzml:5587.7935:SPQENLVPC[+57.0214635]DVLLLR+2	1	41372	0.0	0.0	-0.001595435	0.0	0.0	0.14427729	0.072517365	0	0	0.0	0.0	0.0	10.0	10.0	-2.5241485	0	15	0	1	0	0	876.9692793	1751.924006	93.12989	-.SPQENLVPC[+57.0214635]DVLLLR.-	sp|Q9EPE9|AT131_MOUSE	-0.041999403015785	0.5652173913043478	0.5598086124401914	0.8789245872801296
2023_05_31_mouse_tcell_1FC+PRTC_100fmol_100ng_60k_PRM_50cm_wtrap_01.mzml:1837.092:VETQNPSLSSPETK+2	1	13699	3.937805	0.057225958	0.07020165	3.937805	3.639157	0.9561187	0.4806887	1	0	0.04219896	0.03164922	0.0	10.0	10.0	-2.5155487	0	14	0	1	0	0	758.8781098	1515.741667	30.6182	-.VETQNPSLSSPETK.-	sp|E9Q394|AKP13_MOUSE	-0.0420101389898199	0.5598086124401914	0.5598086124401914	0.9040501020042396
2023_05_31_mouse_tcell_1FC+PRTC_100fmol_100ng_60k_PRM_50cm_wtrap_01.mzml:3002.5674:GASFEEDSGGPLVC[+57.0214635]K+2	1	22312	3.476735	0.2578887	0.57548755	3.476735	3.178411	0.9958858	0.50105506	1	1	0.6852281	0.5139211	0.0	10.0	10.0	-2.6308162	0	15	0	1	0	0	776.8510383	1551.687524	50.04279	-.GASFEEDSGGPLVC[+57.0214635]K.-	sp|P08882|GRAC_MOUSE	-0.0421510583421899	0.5734597156398105	0.568075117370892	0.9828506748220249
2023_05_31_mouse_tcell_1FC+PRTC_100fmol_100ng_60k_PRM_50cm_wtrap_01.mzml:3948.4043:GPLTSC[+57.0214635]DFDLR+2	1	29297	4.3346996	0.18512301	0.2759053	4.3346996	4.0357275	0.77987736	0.39179084	1	1	1.0338796	-0.7754097	0.0	10.0	10.0	-2.416325	0	11	0	1	0	0	640.8006203	1279.586688	65.80674	-.GPLTSC[+57.0214635]DFDLR.-	sp|Q8C147|DOCK8_MOUSE	-0.0424052596993099	0.568075117370892	0.568075117370892	1.0
2023_05_31_mouse_tcell_1FC+PRTC_100fmol_100ng_60k_PRM_50cm_wtrap_01.mzml:5373.514:RPPGPPLPVTTDLAL+2	1	39796	0.0	-0.001651174	-0.009409187	0.0	0.0	0.17850628	0.089855604	0	0	0.0	0.0	0.0	10.0	10.0	-3.0	0	15	0	1	0	0	772.4457668	1542.876981	89.55857	-.RPPGPPLPVTTDLAL.-	sp|Q9JL26|FMNL1_MOUSE	-0.0426548018661709	0.5720930232558139	0.5695067264573991	1.0
2023_05_31_mouse_tcell_1FC+PRTC_100fmol_100ng_60k_PRM_50cm_wtrap_01.mzml:2568.8289:NQLTSNPENTVFDAKR+3	1	19107	5.0617027	0.1856276	0.72442067	5.0617027	4.765102	0.91028345	0.45980692	1	0	3.1801538	2.3851154	0.0	10.0	10.0	-2.2345743	1	16	0	0	1	0	611.9745064	1832.90169	42.813816	-.NQLTSNPENTVFDAKR.-	sp|P20029|BIP_MOUSE	-0.0428514597829299	0.5852534562211982	0.5695067264573991	1.0
2023_05_31_mouse_tcell_1FC+PRTC_100fmol_100ng_60k_PRM_50cm_wtrap_01.mzml:2415.4893:FLYDDNQR+2	1	17974	4.8453856	0.10531753	0.54132444	4.5443554	4.244843	0.50842196	0.2551007	2	0	3.1383657	1.8182538	0.0	10.0	10.0	-2.0680933	0	8	0	1	0	0	535.7487088	1069.482865	40.258156	-.FLYDDNQR.-	sp|Q01320|TOP2A_MOUSE;sp|Q64511|TOP2B_MOUSE	-0.0428583603877499	0.5799086757990868	0.5695067264573991	1.0
2023_05_31_mouse_tcell_1FC+PRTC_100fmol_100ng_60k_PRM_50cm_wtrap_01.mzml:2300.7239:ENSSFSLAGNQQTR+2	1	17126	0.0	-0.005566615	0.228853	0.0	0.0	0.12881249	0.06485708	0	0	0.0	0.0	0.0	10.0	10.0	-2.495232	0	14	0	1	0	0	769.8633253	1537.712098	38.345398	-.ENSSFSLAGNQQTR.-	sp|O35892|SP100_MOUSE	-0.0429462601506949	0.5746606334841629	0.5695067264573991	1.0
2023_05_31_mouse_tcell_1FC+PRTC_100fmol_100ng_60k_PRM_50cm_wtrap_01.mzml:4425.249:ELEEIVQPIISK+2	1	32814	4.959894	0.11902245	0.11519795	4.959894	4.6644735	0.94781476	0.4800682	1	1	1.2198993	0.9149245	0.0	10.0	10.0	-1.8394737	0	12	0	1	0	0	699.3979498	1396.781347	73.75415	-.ELEEIVQPIISK.-	sp|P20029|BIP_MOUSE	-0.0430667576197	0.5695067264573991	0.5695067264573991	1.0
2023_05_31_mouse_tcell_1FC+PRTC_100fmol_100ng_60k_PRM_50cm_wtrap_01.mzml:1546.0449:LALGIPLPELR+2	1	11548	4.3421583	0.111529075	0.36319777	4.3421583	4.0463085	0.84777737	0.4289754	1	0	0.5687859	-0.42658943	0.0	10.0	10.0	-2.4921799	0	11	0	1	0	0	596.3766238	1190.738695	25.767416	-.LALGIPLPELR.-	sp|B2RQC6|PYR1_MOUSE	-0.0431740893147849	0.5911111111111111	0.5911111111111111	1.0
2023_05_31_mouse_tcell_1FC+PRTC_100fmol_100ng_60k_PRM_50cm_wtrap_01.mzml:4814.5723:QFMAETQFSSGEK+2	1	35682	0.0	0.0	-0.005521751	0.0	0.0	0.12909031	0.057548355	0	0	0.0	0.0	0.0	10.0	10.0	-3.0	0	13	0	1	0	0	745.3350243	1488.655496	80.242874	-.QFMAETQFSSGEK.-	sp|Q60865|CAPR1_MOUSE	-0.044395744600545	0.6563876651982379	0.6265560165975104	1.0
2023_05_31_mouse_tcell_1FC+PRTC_100fmol_100ng_60k_PRM_50cm_wtrap_01.mzml:5271.8267:SPQTPELVEALAFR+2	1	39048	3.8397698	0.1088971	0.1051769	3.8397698	3.541014	0.9485739	0.47677696	1	1	1.6268209	-1.2201157	0.0	10.0	10.0	-2.5400577	0	14	0	1	0	0	779.4172058	1556.819859	87.86378	-.SPQTPELVEALAFR.-	sp|Q6A0A9|F120A_MOUSE	-0.04445403383794	0.6506550218340611	0.6265560165975104	1.0
2023_05_31_mouse_tcell_1FC+PRTC_100fmol_100ng_60k_PRM_50cm_wtrap_01.mzml:4764.8735:YGFIEGNVVIPR+2	1	35316	0.0	0.082598105	0.18835272	0.0	0.0	0.11408771	0.057400376	0	0	0.0	0.0	0.0	10.0	10.0	-3.0	0	12	0	1	0	0	682.3720653	1362.729578	79.41456	-.YGFIEGNVVIPR.-	sp|P15379|CD44_MOUSE	-0.0447177675414389	0.645021645021645	0.6265560165975104	1.0
2023_05_31_mouse_tcell_1FC+PRTC_100fmol_100ng_60k_PRM_50cm_wtrap_01.mzml:3234.5151:VFPNGLASQEGTIQK+2	1	24026	4.004455	-0.005863882	0.37868702	4.004455	3.713301	0.93167293	0.4765507	1	1	1.9070953	1.4303215	0.0	10.0	10.0	-2.498886	0	15	0	1	0	0	794.9201128	1587.825673	53.908585	-.VFPNGLASQEGTIQK.-	sp|O54824|IL16_MOUSE	-0.04484081816867	0.6394849785407726	0.6265560165975104	1.0
2023_05_31_mouse_tcell_1FC+PRTC_100fmol_100ng_60k_PRM_50cm_wtrap_01.mzml:2615.5337:KSC[+57.0214635]C[+57.0214635]SC[+57.0214635]C[+57.0214635]PVGC[+57.0214635]SK+2	1	19452	0.0	-0.003402673	0.07186493	0.0	0.0	0.11811855	0.060417637	0	0	0.0	0.0	0.0	10.0	10.0	-2.3502426	1	13	0	1	0	0	795.3035073	1588.592462	43.592228	-.KSC[+57.0214635]C[+57.0214635]SC[+57.0214635]C[+57.0214635]PVGC[+57.0214635]SK.-	sp|P02802|MT1_MOUSE	-0.044959051880823	0.6425531914893617	0.6265560165975104	1.0
2023_05_31_mouse_tcell_1FC+PRTC_100fmol_100ng_60k_PRM_50cm_wtrap_01.mzml:3220.847:QILGVIDK+2	1	23925	4.39207	0.12542094	0.12670593	4.39207	4.092665	0.7350007	0.36887845	1	0	0.2495472	-0.1871604	0.0	10.0	10.0	-2.4019825	0	8	0	1	0	0	443.2738358	884.5331187	53.680782	-.QILGVIDK.-	sp|Q60865|CAPR1_MOUSE	-0.0450215636280499	0.6371308016877637	0.6265560165975104	1.0
2023_05_31_mouse_tcell_1FC+PRTC_100fmol_100ng_60k_PRM_50cm_wtrap_01.mzml:4529.6733:TFSNDIMLLK+2	1	33584	5.163259	0.07150123	0.06458646	5.163259	4.864719	0.8407345	0.42278433	1	1	2.0649674	1.5487256	0.0	10.0	10.0	-2.2091851	0	10	0	1	0	0	591.3153743	1180.616196	75.49455	-.TFSNDIMLLK.-	sp|P04187|GRAB_MOUSE	-0.04502408543047	0.6317991631799164	0.6265560165975104	1.0
2023_05_31_mouse_tcell_1FC+PRTC_100fmol_100ng_60k_PRM_50cm_wtrap_01.mzml:4389.0:FGDLDEQEFVYKEPAITK+3	1	32547	0.0	-0.00089	0.23453088	0.0	0.0	0.11038044	0.055535167	0	0	0.0	0.0	0.0	10.0	10.0	-3.0	1	18	0	0	1	0	710.352758	2128.036445	73.15	-.FGDLDEQEFVYKEPAITK.-	sp|Q8C147|DOCK8_MOUSE;sp|Q8R1A4|DOCK7_MOUSE	-0.045084830165188	0.6265560165975104	0.6265560165975104	1.0
2023_05_31_mouse_tcell_1FC+PRTC_100fmol_100ng_60k_PRM_50cm_wtrap_01.mzml:3291.2493:YQEVTNNLEFAK+2	1	24445	0.0	-0.000713	0.05861113	0.0	0.0	0.12311688	0.062004738	0	0	0.0	0.0	0.0	10.0	10.0	-3.0	0	12	0	1	0	0	728.3593518	1454.704151	54.854153	-.YQEVTNNLEFAK.-	sp|Q60865|CAPR1_MOUSE	-0.045675211015682	0.6460905349794238	0.6408163265306123	1.0
2023_05_31_mouse_tcell_1FC+PRTC_100fmol_100ng_60k_PRM_50cm_wtrap_01.mzml:2254.3164:VRPEIINESGNPSYK+3	1	16783	4.1175594	0.019587396	0.13278109	4.1175594	3.8191276	0.91508836	0.46028948	1	0	1.3951358	-1.0463518	0.0	10.0	10.0	-2.4706101	0	15	0	0	1	0	568.296806	1701.868589	37.57194	-.VRPEIINESGNPSYK.-	sp|Q9CQU0|TXD12_MOUSE	-0.0458556595020099	0.6408163265306123	0.6408163265306123	1.0
2023_05_31_mouse_tcell_1FC+PRTC_100fmol_100ng_60k_PRM_50cm_wtrap_01.mzml:3452.8994:YPFTAQVDSPVK+2	1	25639	0.0	-0.001661461	0.10155219	0.0	0.0	0.14083393	0.070786655	0	0	0.0	0.0	0.0	10.0	10.0	-2.3341513	0	12	0	1	0	0	676.3482563	1350.68196	57.548325	-.YPFTAQVDSPVK.-	sp|P56203|CATW_MOUSE	-0.046186991946155	0.6518218623481782	0.6518218623481782	1.0
2023_05_31_mouse_tcell_1FC+PRTC_100fmol_100ng_60k_PRM_50cm_wtrap_01.mzml:3556.3562:MFLNDFLNDQNR+2	1	26403	4.1632233	0.056904852	0.33492425	4.1632233	3.867374	1.0079281	0.5100116	1	1	0.15544283	-0.116582125	0.0	10.0	10.0	-3.0	0	12	0	1	0	0	763.8564573	1525.698362	59.272602	-.MFLNDFLNDQNR.-	sp|Q8JZK9|HMCS1_MOUSE	-0.047076060502675	0.6867469879518072	0.6784313725490196	1.0
2023_05_31_mouse_tcell_1FC+PRTC_100fmol_100ng_60k_PRM_50cm_wtrap_01.mzml:3245.6033:FTSFSVYC[+57.0214635]SR+2	1	24108	4.345228	0.11406082	0.27877453	4.345228	4.04604	0.9482152	0.4761226	1	1	0.15544283	-0.116582125	0.0	10.0	10.0	-2.413693	0	10	0	1	0	0	627.2846013	1252.55465	54.093388	-.FTSFSVYC[+57.0214635]SR.-	sp|P13864|DNMT1_MOUSE	-0.047180406330995	0.6812749003984063	0.6784313725490196	1.0
2023_05_31_mouse_tcell_1FC+PRTC_100fmol_100ng_60k_PRM_50cm_wtrap_01.mzml:5551.7236:ALTVPELTQQMFDSK+2	1	41107	3.6307218	0.051291216	0.12461298	3.6307218	3.331858	1.0589345	0.5321145	1	1	1.8620677	1.3965508	0.0	10.0	10.0	-2.5923195	0	15	0	1	0	0	854.4347388	1706.854925	92.528725	-.ALTVPELTQQMFDSK.-	sp|Q7TMM9|TBB2A_MOUSE;sp|Q9CWF2|TBB2B_MOUSE	-0.04727691411394	0.6837944664031621	0.6784313725490196	1.0
2023_05_31_mouse_tcell_1FC+PRTC_100fmol_100ng_60k_PRM_50cm_wtrap_01.mzml:1347.5186:EKQDEQVGLPGK+2	1	10080	4.0042458	0.04394427	0.46765673	4.0042458	3.7082887	0.9987422	0.5052387	1	0	0.35174653	0.2638099	0.0	10.0	10.0	-3.0	1	12	0	1	0	0	664.3462493	1326.677946	22.458643	-.EKQDEQVGLPGK.-	sp|Q01320|TOP2A_MOUSE	-0.04770645703887	0.6784313725490196	0.6784313725490196	1.0
2023_05_31_mouse_tcell_1FC+PRTC_100fmol_100ng_60k_PRM_50cm_wtrap_01.mzml:2112.9102:FSESTPMGTSR+2	1	15738	3.935787	0.14448376	0.5374295	3.935787	3.636923	1.0454056	0.52531624	1	0	0.634645	-0.47598374	0.0	10.0	10.0	-2.5160532	0	11	0	1	0	0	600.2716953	1198.528838	35.215168	-.FSESTPMGTSR.-	sp|Q9JL26|FMNL1_MOUSE	-0.0479668904957399	0.6809338521400778	0.6809338521400778	1.0
2023_05_31_mouse_tcell_1FC+PRTC_100fmol_100ng_60k_PRM_50cm_wtrap_01.mzml:5692.9805:EAVGDLLDAFK+2	1	42146	0.0	-0.000769	0.12221676	0.0	0.0	0.12804681	0.064327516	0	0	0.0	0.0	0.0	10.0	10.0	-3.0	0	11	0	1	0	0	589.3086038	1176.602655	94.88301	-.EAVGDLLDAFK.-	sp|Q6NZJ6|IF4G1_MOUSE	-0.0481194731788239	0.6833976833976834	0.6833976833976834	1.0
2023_05_31_mouse_tcell_1FC+PRTC_100fmol_100ng_60k_PRM_50cm_wtrap_01.mzml:5725.3403:VLEVPPIVYLR+2	1	42384	0.0	0.0	0.11533373	0.0	0.0	0.16543137	0.08306723	0	0	0.0	0.0	0.0	10.0	10.0	-3.0	0	11	0	1	0	0	649.3975518	1296.780551	95.42234	-.VLEVPPIVYLR.-	sp|Q91V12|BACH_MOUSE	-0.0486957981111699	0.7318007662835249	0.7318007662835249	1.0
2023_05_31_mouse_tcell_1FC+PRTC_100fmol_100ng_60k_PRM_50cm_wtrap_01.mzml:1986.544:WNIDSSC[+57.0214635]K+2	1	14804	4.0206676	0.2654444	0.26543218	4.0206676	3.722667	0.9740197	0.49041894	1	0	2.5587728	1.9190797	0.0	10.0	10.0	-2.494833	0	8	0	1	0	0	505.2240163	1008.43348	33.109066	-.WNIDSSC[+57.0214635]K.-	sp|Q62351|TFR1_MOUSE	-0.0502629728832599	0.7642585551330798	0.7642585551330798	1.0
2023_05_31_mouse_tcell_1FC+PRTC_100fmol_100ng_60k_PRM_50cm_wtrap_01.mzml:3922.3604:NQALVELLQK+2	1	29105	3.6937966	0.07610087	0.18162155	3.6937966	3.394392	0.9965816	0.5001594	1	0	2.7652256	-2.0739193	0.0	10.0	10.0	-2.576551	0	10	0	1	0	0	578.3402383	1154.665924	65.37267	-.NQALVELLQK.-	sp|Q60875|ARHG2_MOUSE	-0.0521540823681999	0.8716981132075472	0.8716981132075472	1.0
