id	Label	ScanNr	primary	xCorrLib	xCorrModel	LogDotProduct	logWeightedDotProduct	sumOfSquaredErrors	weightedSumOfSquaredErrors	numberOfMatchingPeaks	numberOfMatchingPeaksAboveThreshold	averageAbsFragmentDeltaMass	averageFragmentDeltaMasses	isotopeDotProduct	averageAbsParentDeltaMass	averageParentDeltaMass	eValue	numMissedCleavage	pepLength	charge1	charge2	charge3	charge4	precursorMz	precursorMass	RTinMin	sequence	Proteins	score	pyIsoPEP FDR	pyIsoPEP q-value from FDR	pyIsoPEP PEP
2023_05_31_mouse_tcell_0pt3FC+PRTC_100fmol_100ng_60k_PRM_50cm_wtrap_01.mzml:1959.4572:VEIIANDQGNR+2	1	14603	12.197149	2.0187337	2.320056	6.6373854	6.341858	0.002243973	0.001136292	9	7	0.5884016	-0.32795584	0.9806209	3.471799	1.2395061	-0.79575825	0	11	0	1	0	0	614.8176583	1227.620764	32.65762	-.VEIIANDQGNR.-	sp|P16627|HS71L_MOUSE;sp|P17156|HSP72_MOUSE;sp|P17879|HS71B_MOUSE;sp|P20029|BIP_MOUSE;sp|P63017|HSP7C_MOUSE;sp|Q61696|HS71A_MOUSE	-0.0045842471056389	0.3333333333333333	0.012658227848101266	0.009674164385541102
2023_05_31_mouse_tcell_0pt3FC+PRTC_100fmol_100ng_60k_PRM_50cm_wtrap_01.mzml:2858.1404:GILAADESTGSIAK+2	1	21245	13.460106	1.7804785	2.5638926	6.9003425	6.602773	0.000993	0.000501	10	8	1.0251453	-0.76885897	0.99945647	2.8144104	2.5342863	-0.8850138	0	14	0	1	0	0	666.8539068	1331.693261	47.635674	-.GILAADESTGSIAK.-	sp|P05064|ALDOA_MOUSE	-0.0049532647758399	0.2	0.012658227848101266	0.009674164385541102
2023_05_31_mouse_tcell_0pt3FC+PRTC_100fmol_100ng_60k_PRM_50cm_wtrap_01.mzml:1788.4811:FNAHGDANTIVC[+57.0214635]NTK+3	1	13339	12.620613	1.2689009	1.4456592	6.06085	5.7634964	0.003958205	0.001995925	10	3	0.36218986	0.11013544	0.72412664	2.2240229	2.2240229	-0.34484673	0	15	0	0	1	0	554.5948614	1660.762755	29.808018	-.FNAHGDANTIVC[+57.0214635]NTK.-	sp|P16045|LEG1_MOUSE	-0.006759550897655	0.14285714285714285	0.012658227848101266	0.009674164385541102
2023_05_31_mouse_tcell_0pt3FC+PRTC_100fmol_100ng_60k_PRM_50cm_wtrap_01.mzml:2736.779:ADDGRPFPQVIK+3	1	20348	12.896305	0.75030404	0.38777098	6.3365417	6.038433	0.00857951	0.004318711	10	0	2.3582041	-0.9450935	0.96944755	2.8342414	1.8873682	-1.192049	0	12	0	0	1	0	448.2419767	1341.704101	45.612984	-.ADDGRPFPQVIK.-	sp|P05064|ALDOA_MOUSE	-0.006984066129254	0.1111111111111111	0.012658227848101266	0.009674164385541102
2023_05_31_mouse_tcell_0pt3FC+PRTC_100fmol_100ng_60k_PRM_50cm_wtrap_01.mzml:1297.9514:SC[+57.0214635]C[+57.0214635]SC[+57.0214635]C[+57.0214635]PVGC[+57.0214635]SK+2	1	9713	11.638176	2.0655437	2.4598546	6.078413	5.78052	0.002114434	0.001064882	9	9	0.44802067	-0.003153859	0.82005745	0.35666364	-0.35666364	-0.3379643	0	12	0	1	0	0	731.2560258	1460.497499	21.632524	-.SC[+57.0214635]C[+57.0214635]SC[+57.0214635]C[+57.0214635]PVGC[+57.0214635]SK.-	sp|P02802|MT1_MOUSE	-0.00748505819553	0.09090909090909091	0.012658227848101266	0.009674164385541102
2023_05_31_mouse_tcell_0pt3FC+PRTC_100fmol_100ng_60k_PRM_50cm_wtrap_01.mzml:3957.8633:IMNTFSVVPSPK+2	1	29366	11.72854	1.4794724	1.9496795	6.1687765	5.8706684	0.018414907	0.009269604	9	9	1.8313398	-1.3735049	0.45975882	2.3823333	2.3823333	1.0634098	0	12	0	1	0	0	660.3550308	1318.695509	65.964386	-.IMNTFSVVPSPK.-	sp|P68372|TBB4B_MOUSE;sp|P99024|TBB5_MOUSE;sp|Q9D6F9|TBB4A_MOUSE;sp|Q9ERD7|TBB3_MOUSE	-0.010822519134175	0.07692307692307693	0.012658227848101266	0.009674164385541102
2023_05_31_mouse_tcell_0pt3FC+PRTC_100fmol_100ng_60k_PRM_50cm_wtrap_01.mzml:5099.844:LNMEAINYMAADGDFK+2	1	37781	9.220816	1.4211752	2.0273185	5.518385	5.2210307	0.036054123	0.018180292	7	7	1.5751787	-0.8287575	0.63758993	0.062370792	-0.062370792	0.37167835	0	16	0	1	0	0	901.9080258	1801.801499	84.997406	-.LNMEAINYMAADGDFK.-	sp|P16045|LEG1_MOUSE	-0.010844023381389	0.06666666666666667	0.012658227848101266	0.009674164385541102
2023_05_31_mouse_tcell_0pt3FC+PRTC_100fmol_100ng_60k_PRM_50cm_wtrap_01.mzml:2158.3352:EAESSPFVER+2	1	16073	10.581028	1.385594	1.56538	5.9755073	5.676967	0.0317332	0.015957834	8	2	0.58662724	-0.27592966	0.84192365	3.3123915	-3.3123915	-1.3751333	0	10	0	1	0	0	575.7723848	1149.530217	35.97225	-.EAESSPFVER.-	sp|P08113|ENPL_MOUSE	-0.013420312818376	0.058823529411764705	0.012658227848101266	0.009674164385541102
2023_05_31_mouse_tcell_0pt3FC+PRTC_100fmol_100ng_60k_PRM_50cm_wtrap_01.mzml:2125.8618:LTPEEIER+2	1	15833	9.878098	1.425821	1.5132912	6.175667	5.8763704	0.024136383	0.012116464	7	2	0.83685166	0.39882368	0.9888637	4.755013	1.1657995	-1.3408422	0	8	0	1	0	0	493.7612893	985.5080257	35.43103	-.LTPEEIER.-	sp|P20029|BIP_MOUSE	-0.014208031341807	0.05263157894736842	0.012658227848101266	0.009674164385541102
2023_05_31_mouse_tcell_0pt3FC+PRTC_100fmol_100ng_60k_PRM_50cm_wtrap_01.mzml:3578.2607:DLSLEEIQK+2	1	26564	10.055026	1.455063	1.5476996	5.4495053	5.150101	0.006984165	0.003505178	8	5	0.48329675	0.24735828	0.9853622	1.813518	1.1850388	-1.4365253	0	9	0	1	0	0	537.7875038	1073.560455	59.63768	-.DLSLEEIQK.-	sp|P54227|STMN1_MOUSE;sp|P55821|STMN2_MOUSE	-0.014883896825017	0.047619047619047616	0.012658227848101266	0.009674164385541102
2023_05_31_mouse_tcell_0pt3FC+PRTC_100fmol_100ng_60k_PRM_50cm_wtrap_01.mzml:1654.5457:DREC[+57.0214635]ESYFK+2	1	12349	9.464331	1.0112864	1.0625303	5.7619	5.463036	0.009844918	0.004947071	7	0	0.8449132	0.32508898	0.0	10.0	10.0	0.60349035	1	9	0	1	0	0	617.2638658	1232.513179	27.575762	-.DREC[+57.0214635]ESYFK.-	sp|P04187|GRAB_MOUSE	-0.01565628334784	0.043478260869565216	0.012658227848101266	0.009674164385541102
2023_05_31_mouse_tcell_0pt3FC+PRTC_100fmol_100ng_60k_PRM_50cm_wtrap_01.mzml:2310.4053:EIVHIQAGQC[+57.0214635]GNQIGAK+3	1	17197	8.542885	0.8490445	0.88863975	5.685552	5.218094	0.044084452	0.014206497	6	0	2.00828	-1.0750223	0.0	10.0	10.0	-0.7386117	0	17	0	0	1	0	608.312466	1821.915569	38.506756	-.EIVHIQAGQC[+57.0214635]GNQIGAK.-	sp|P99024|TBB5_MOUSE;sp|Q7TMM9|TBB2A_MOUSE;sp|Q9CWF2|TBB2B_MOUSE;sp|Q9ERD7|TBB3_MOUSE	-0.015661902669272	0.04	0.012658227848101266	0.009674164385541102
2023_05_31_mouse_tcell_0pt3FC+PRTC_100fmol_100ng_60k_PRM_50cm_wtrap_01.mzml:2310.4053:EIVHLQAGQC[+57.0214635]GNQIGAK+3	1	17197	8.542885	0.8490445	0.88863975	5.685552	5.218094	0.044084452	0.014206497	6	0	2.00828	-1.0750223	0.0	10.0	10.0	-0.7386117	0	17	0	0	1	0	608.312466	1821.915569	38.506756	-.EIVHLQAGQC[+57.0214635]GNQIGAK.-	sp|P68372|TBB4B_MOUSE;sp|Q9D6F9|TBB4A_MOUSE	-0.015661902669272	0.037037037037037035	0.012658227848101266	0.009674164385541102
2023_05_31_mouse_tcell_0pt3FC+PRTC_100fmol_100ng_60k_PRM_50cm_wtrap_01.mzml:2842.6882:TQQVIPMVK+2	1	21131	9.927803	1.1438148	1.2558751	6.225372	5.926616	0.022407044	0.011262341	7	2	1.4863281	-1.1147461	0.85060364	1.464026	-1.464026	-0.10468531	0	9	0	1	0	0	522.2995283	1042.584504	47.378136	-.TQQVIPMVK.-	sp|P04187|GRAB_MOUSE	-0.016158356155542	0.034482758620689655	0.012658227848101266	0.009674164385541102
2023_05_31_mouse_tcell_0pt3FC+PRTC_100fmol_100ng_60k_PRM_50cm_wtrap_01.mzml:3790.844:SFVLNLGK+2	1	28133	10.983089	1.1983159	1.2965912	6.377569	6.078597	0.010561503	0.005305835	8	7	0.42474607	-0.1297598	0.99081475	3.6795433	3.6795433	-1.0773818	0	8	0	1	0	0	439.2607278	876.5069027	63.180733	-.SFVLNLGK.-	sp|P16045|LEG1_MOUSE	-0.016894803317931	0.03225806451612903	0.012658227848101266	0.009674164385541102
2023_05_31_mouse_tcell_0pt3FC+PRTC_100fmol_100ng_60k_PRM_50cm_wtrap_01.mzml:1311.3455:ESKDPADETEAD+2	1	9812	8.270264	1.2392379	1.05298	5.4129314	5.1149306	0.042530984	0.021414347	6	1	1.4079319	0.05599764	0.0	10.0	10.0	-1.2138212	1	12	0	1	0	0	653.7676938	1305.520835	21.855757	-.ESKDPADETEAD.-	sp|P54227|STMN1_MOUSE	-0.017538264852456	0.030303030303030304	0.012658227848101266	0.009674164385541102
2023_05_31_mouse_tcell_0pt3FC+PRTC_100fmol_100ng_60k_PRM_50cm_wtrap_01.mzml:2474.7974:SENVEGTPAEDGAEPGSLR+2	1	18412	6.8515377	0.7013195	0.8528716	5.4713264	5.1783643	0.091100864	0.0464045	4	4	1.9585371	-1.4622774	0.0	10.0	10.0	-0.8713217	0	19	0	1	0	0	957.9374158	1913.860279	41.246624	-.SENVEGTPAEDGAEPGSLR.-	sp|Q01320|TOP2A_MOUSE	-0.018797974063948	0.02857142857142857	0.012658227848101266	0.009674164385541102
2023_05_31_mouse_tcell_0pt3FC+PRTC_100fmol_100ng_60k_PRM_50cm_wtrap_01.mzml:2832.563:SGYLLPDTK+2	1	21056	8.77059	1.273359	1.3499416	5.913257	5.614285	0.03270503	0.016430192	6	4	1.0405141	-0.40059292	0.0	10.0	10.0	-1.114351	0	9	0	1	0	0	497.2662033	992.5178537	47.209385	-.SGYLLPDTK.-	sp|P08113|ENPL_MOUSE	-0.019024688318418	0.02702702702702703	0.012658227848101266	0.009674164385541102
2023_05_31_mouse_tcell_0pt3FC+PRTC_100fmol_100ng_60k_PRM_50cm_wtrap_01.mzml:1710.005:NMMAAC[+57.0214635]DPR+2	1	12759	8.061482	0.9803187	1.1234802	5.9823008	5.683545	0.104102165	0.05232435	5	2	0.27054992	-0.20291243	0.0	10.0	10.0	1.6187115	0	9	0	1	0	0	533.2173548	1064.420157	28.500084	-.NMMAAC[+57.0214635]DPR.-	sp|P68372|TBB4B_MOUSE;sp|P99024|TBB5_MOUSE;sp|Q7TMM9|TBB2A_MOUSE;sp|Q922F4|TBB6_MOUSE;sp|Q9CWF2|TBB2B_MOUSE;sp|Q9D6F9|TBB4A_MOUSE;sp|Q9ERD7|TBB3_MOUSE	-0.019147305917805	0.02564102564102564	0.012658227848101266	0.009674164385541102
2023_05_31_mouse_tcell_0pt3FC+PRTC_100fmol_100ng_60k_PRM_50cm_wtrap_01.mzml:1358.935:VDQQVQDNENAPQR+2	1	10164	10.302383	1.3642461	2.2682915	5.696862	5.376838	0.014480097	0.007278263	8	8	1.0899667	0.2775981	0.60822827	0.32540745	0.32540745	-0.92440414	0	14	0	1	0	0	820.8847898	1639.755027	22.648918	-.VDQQVQDNENAPQR.-	sp|E9PVX6|KI67_MOUSE	-0.019346867186811	0.024390243902439025	0.012658227848101266	0.009674164385541102
2023_05_31_mouse_tcell_0pt3FC+PRTC_100fmol_100ng_60k_PRM_50cm_wtrap_01.mzml:2521.5288:AIGNIVTGTDEQTQK+2	1	18757	6.585354	0.8259071	0.81281257	5.2051425	4.9077883	0.08788484	0.044315934	4	4	2.70228	-2.02671	0.0	10.0	10.0	-1.2113476	0	15	0	1	0	0	787.9046603	1573.794768	42.02548	-.AIGNIVTGTDEQTQK.-	sp|P52293|IMA1_MOUSE	-0.0223661452281559	0.023255813953488372	0.012658227848101266	0.009674164385541102
2023_05_31_mouse_tcell_0pt3FC+PRTC_100fmol_100ng_60k_PRM_50cm_wtrap_01.mzml:3654.1465:IFIIQAC[+57.0214635]R+2	1	27124	7.3532076	0.69929796	0.7990359	5.2740264	4.8037987	0.08372195	0.028353835	5	2	1.3677536	-0.9186386	0.0	10.0	10.0	1.8479481	0	8	0	1	0	0	510.7865878	1019.558623	60.902443	-.IFIIQAC[+57.0214635]R.-	sp|O08738|CASP6_MOUSE	-0.02253907792661	0.022222222222222223	0.012658227848101266	0.009674164385541102
2023_05_31_mouse_tcell_0pt3FC+PRTC_100fmol_100ng_60k_PRM_50cm_wtrap_01.mzml:3654.1465:LFIIQAC[+57.0214635]R+2	1	27124	7.353544	0.69929796	0.7990359	5.2743626	4.8041353	0.08372975	0.028356478	5	2	1.3677536	-0.9186386	0.0	10.0	10.0	1.8461227	0	8	0	1	0	0	510.7865878	1019.558623	60.902443	-.LFIIQAC[+57.0214635]R.-	sp|P70677|CASP3_MOUSE	-0.022540552701862	0.02127659574468085	0.012658227848101266	0.009674164385541102
2023_05_31_mouse_tcell_0pt3FC+PRTC_100fmol_100ng_60k_PRM_50cm_wtrap_01.mzml:4834.6816:ASGQAFELILSPR+2	1	35829	6.9964337	0.9753336	0.9884676	5.6162224	5.3185453	0.107662275	0.05424833	4	4	1.1995682	-0.6990957	0.76920533	3.7628448	-3.7628448	-2.5576212	0	13	0	1	0	0	694.8802588	1387.745965	80.578026	-.ASGQAFELILSPR.-	sp|P54227|STMN1_MOUSE	-0.022721399188575	0.02040816326530612	0.012658227848101266	0.009674164385541102
2023_05_31_mouse_tcell_0pt3FC+PRTC_100fmol_100ng_60k_PRM_50cm_wtrap_01.mzml:1248.5414:AAADDGEEPKSEPETK+3	1	9348	7.0982866	0.71899855	0.36264822	5.019105	4.72132	0.07556639	0.038066577	5	0	3.2815855	-2.461189	0.0	10.0	10.0	-0.98182344	1	16	0	0	1	0	558.5882064	1672.74279	20.809023	-.AAADDGEEPKSEPETK.-	sp|P28352|APEX1_MOUSE	-0.023272502833688	0.0196078431372549	0.012658227848101266	0.009674164385541102
2023_05_31_mouse_tcell_0pt3FC+PRTC_100fmol_100ng_60k_PRM_50cm_wtrap_01.mzml:2578.6118:LLTTQSEDTQGPGLK+2	1	19179	6.4791093	0.82194376	0.8358713	5.098898	4.8077435	0.09231232	0.047217753	4	4	2.458247	0.3427328	0.0	10.0	10.0	-1.8802227	0	15	0	1	0	0	794.4148608	1586.815169	42.976864	-.LLTTQSEDTQGPGLK.-	sp|O54824|IL16_MOUSE	-0.023649190364852	0.018867924528301886	0.012658227848101266	0.011664592182949926
2023_05_31_mouse_tcell_0pt3FC+PRTC_100fmol_100ng_60k_PRM_50cm_wtrap_01.mzml:4182.1294:TNIIPVIEDAR+2	1	31021	7.723178	0.8058989	1.0472251	5.6439962	5.171196	0.032266043	0.0108629	5	5	3.005407	-2.2540553	0.0	10.0	10.0	-1.1977768	0	11	0	1	0	0	620.8484273	1239.682302	69.702156	-.TNIIPVIEDAR.-	sp|P35550|FBRL_MOUSE	-0.024618648176651	0.01818181818181818	0.012658227848101266	0.017247071639200716
2023_05_31_mouse_tcell_0pt3FC+PRTC_100fmol_100ng_60k_PRM_50cm_wtrap_01.mzml:4182.1294:TNIIPVLEDAR+2	1	31021	7.723178	0.8058989	1.0472251	5.6439962	5.171196	0.032266043	0.0108629	5	5	3.005407	-2.2540553	0.0	10.0	10.0	-1.1977768	0	11	0	1	0	0	620.8484273	1239.682302	69.702156	-.TNIIPVLEDAR.-	sp|Q80WS3|FBLL1_MOUSE	-0.024618648176651	0.017543859649122806	0.012658227848101266	0.02587582001527897
2023_05_31_mouse_tcell_0pt3FC+PRTC_100fmol_100ng_60k_PRM_50cm_wtrap_01.mzml:4575.973:LAVNMVPFPR+2	1	33924	7.3126197	0.9957072	1.1055758	5.9324083	5.6379514	0.08415422	0.042718783	4	4	1.4434443	-1.0825832	0.53455776	5.207893	5.207893	-3.0	0	10	0	1	0	0	572.3207943	1142.627036	76.26622	-.LAVNMVPFPR.-	sp|A2AQ07|TBB1_MOUSE;sp|P68372|TBB4B_MOUSE;sp|P99024|TBB5_MOUSE;sp|Q7TMM9|TBB2A_MOUSE;sp|Q922F4|TBB6_MOUSE;sp|Q9CWF2|TBB2B_MOUSE;sp|Q9D6F9|TBB4A_MOUSE;sp|Q9ERD7|TBB3_MOUSE	-0.024881493170412	0.01694915254237288	0.012658227848101266	0.03702554706221798
2023_05_31_mouse_tcell_0pt3FC+PRTC_100fmol_100ng_60k_PRM_50cm_wtrap_01.mzml:1979.0599:SETMETEDVPTSSR+2	1	14748	6.3639603	0.43138975	0.49771363	5.5858088	5.2861876	0.026127703	0.013106308	3	2	1.4506861	-1.0880146	0.0	10.0	10.0	-1.196125	0	14	0	1	0	0	784.8408673	1567.667182	32.984333	-.SETMETEDVPTSSR.-	sp|Q62351|TFR1_MOUSE	-0.025651380151833	0.01639344262295082	0.012658227848101266	0.05015985702352104
2023_05_31_mouse_tcell_0pt3FC+PRTC_100fmol_100ng_60k_PRM_50cm_wtrap_01.mzml:3056.6702:EAAGEGPVLYEDPPDQK+2	1	22712	5.432163	0.3578365	0.36171898	5.1311326	4.834209	0.2931606	0.1479728	2	2	2.1447017	-1.6085262	0.0	10.0	10.0	-2.0109224	0	17	0	1	0	0	907.9257848	1813.837017	50.944504	-.EAAGEGPVLYEDPPDQK.-	sp|P28352|APEX1_MOUSE	-0.0264466264025	0.015873015873015872	0.012658227848101266	0.0647046799970075
2023_05_31_mouse_tcell_0pt3FC+PRTC_100fmol_100ng_60k_PRM_50cm_wtrap_01.mzml:5184.7573:NSSYFVEWIPNNVK+2	1	38406	5.8409667	0.24833332	0.42793018	5.5399365	5.2421513	0.3255796	0.16401075	2	2	0.85504156	-0.14951544	0.0	10.0	10.0	-2.0324965	0	14	0	1	0	0	848.9201068	1695.825661	86.41262	-.NSSYFVEWIPNNVK.-	sp|P68372|TBB4B_MOUSE;sp|P99024|TBB5_MOUSE;sp|Q7TMM9|TBB2A_MOUSE;sp|Q922F4|TBB6_MOUSE;sp|Q9CWF2|TBB2B_MOUSE;sp|Q9D6F9|TBB4A_MOUSE;sp|Q9ERD7|TBB3_MOUSE	-0.02654501438184	0.015384615384615385	0.012658227848101266	0.08002652326870172
2023_05_31_mouse_tcell_0pt3FC+PRTC_100fmol_100ng_60k_PRM_50cm_wtrap_01.mzml:2644.3552:NQLTSNPENTVFDAKR+3	1	19665	6.7036066	0.40848836	0.6825214	5.3233953	5.026794	0.11538167	0.05828217	4	0	2.2873528	-1.0177177	0.0	10.0	10.0	-0.30921412	1	16	0	0	1	0	611.9745064	1832.90169	44.072586	-.NQLTSNPENTVFDAKR.-	sp|P20029|BIP_MOUSE	-0.02743498028483	0.014925373134328358	0.012658227848101266	0.09541648561406119
2023_05_31_mouse_tcell_0pt3FC+PRTC_100fmol_100ng_60k_PRM_50cm_wtrap_01.mzml:1979.7638:DPPGPQPQASSSIR+2	1	14753	5.768483	0.8138794	0.9615948	4.9903316	4.695018	0.18302867	0.0927269	3	3	1.3843273	-0.7820517	0.0	10.0	10.0	-2.2533636	0	14	0	1	0	0	718.8600548	1435.705557	32.996063	-.DPPGPQPQASSSIR.-	sp|O54824|IL16_MOUSE	-0.02818242911859	0.014492753623188406	0.012658227848101266	0.11008198034614232
2023_05_31_mouse_tcell_0pt3FC+PRTC_100fmol_100ng_60k_PRM_50cm_wtrap_01.mzml:5763.7:SGPFGQIFRPDNFVFGQSGAGNNWAK+3	1	42665	4.898499	0.23182468	0.47181115	4.898499	4.603721	0.8229094	0.414889	1	1	1.0395975	-0.77969813	0.0	10.0	10.0	-2.2753754	0	26	0	0	1	0	933.4526424	2797.336098	96.06167	-.SGPFGQIFRPDNFVFGQSGAGNNWAK.-	sp|P68372|TBB4B_MOUSE;sp|P99024|TBB5_MOUSE;sp|Q7TMM9|TBB2A_MOUSE;sp|Q9CWF2|TBB2B_MOUSE;sp|Q9D6F9|TBB4A_MOUSE	-0.02852940497224	0.014084507042253521	0.012658227848101266	0.12314887427935427
2023_05_31_mouse_tcell_0pt3FC+PRTC_100fmol_100ng_60k_PRM_50cm_wtrap_01.mzml:2732.6086:LLEFQNDR+2	1	20317	7.6346645	0.62306017	1.1039946	5.555483	5.2564025	0.11741357	0.057892058	5	1	2.52342	-1.4140788	0.0	10.0	10.0	-1.5913339	0	8	0	1	0	0	517.7669058	1033.519259	45.543476	-.LLEFQNDR.-	sp|P29391|FRIL1_MOUSE	-0.0294017771514919	0.0136986301369863	0.012658227848101266	0.13367705291001206
2023_05_31_mouse_tcell_0pt3FC+PRTC_100fmol_100ng_60k_PRM_50cm_wtrap_01.mzml:4591.0:ELEEIVQPIISK+2	1	34035	5.364336	0.38560602	0.37988636	5.063306	4.7678857	0.3837508	0.19436978	2	2	0.85914254	-0.5335099	0.0	10.0	10.0	-1.7649422	0	12	0	1	0	0	699.3979498	1396.781347	76.51667	-.ELEEIVQPIISK.-	sp|P20029|BIP_MOUSE	-0.029629056093	0.013333333333333334	0.012658227848101266	0.14069195915944435
2023_05_31_mouse_tcell_0pt3FC+PRTC_100fmol_100ng_60k_PRM_50cm_wtrap_01.mzml:3426.179:SKESVPDFPLSPPK+3	1	25441	6.8401537	0.58692175	0.5752365	5.4599423	5.165806	0.1131454	0.05649016	4	4	1.4665493	-1.0999119	0.0	10.0	10.0	-2.9493265	1	14	0	0	1	0	509.9399627	1526.798059	57.10298	-.SKESVPDFPLSPPK.-	sp|P54227|STMN1_MOUSE	-0.03073090882899	0.012987012987012988	0.012658227848101266	0.14323311799484023
2023_05_31_mouse_tcell_0pt3FC+PRTC_100fmol_100ng_60k_PRM_50cm_wtrap_01.mzml:1561.5903:GQNEDPGSLLTQFRR+3	1	11662	5.684123	0.67216355	0.61484504	4.9059715	4.532549	0.36638606	0.12329556	3	1	3.3928223	-2.5446167	0.0	10.0	10.0	-2.0495796	1	15	0	0	1	0	573.2920587	1716.854347	26.026506	-.GQNEDPGSLLTQFRR.-	sp|P10852|4F2_MOUSE	-0.03084484313511	0.012658227848101266	0.012658227848101266	0.1469890063833953
2023_05_31_mouse_tcell_0pt3FC+PRTC_100fmol_100ng_60k_PRM_50cm_wtrap_01.mzml:4550.725:ANC[+57.0214635]IDSTASAEAVFASEVK+2	1	33738	3.8808327	0.2046318	0.24658562	3.8808327	3.5828323	0.8854788	0.44583854	1	1	1.6100736	-1.2075552	0.0	10.0	10.0	-2.5297918	0	19	0	1	0	0	985.4622123	1968.909872	75.84542	-.ANC[+57.0214635]IDSTASAEAVFASEVK.-	sp|P35550|FBRL_MOUSE	-0.03101798668736	0.037037037037037035	0.03529411764705882	0.17409419577695848
2023_05_31_mouse_tcell_0pt3FC+PRTC_100fmol_100ng_60k_PRM_50cm_wtrap_01.mzml:3520.1465:GINSNNLESQLQATQAAR+2	1	26135	4.210091	0.22523369	0.2203988	4.210091	3.9171286	0.89196324	0.45434377	1	1	1.5836778	1.1877583	0.0	10.0	10.0	-2.4474773	0	18	0	1	0	0	957.9850348	1913.955517	58.66911	-.GINSNNLESQLQATQAAR.-	sp|P52293|IMA1_MOUSE	-0.03168891697819	0.03614457831325301	0.03529411764705882	0.19572152881934066
2023_05_31_mouse_tcell_0pt3FC+PRTC_100fmol_100ng_60k_PRM_50cm_wtrap_01.mzml:4822.3496:AILVDLEPGTMDSVR+2	1	35738	4.7779765	0.24833332	0.24342622	4.7779765	4.480299	0.995915	0.5018167	1	1	1.53959	-1.1546925	0.0	10.0	10.0	-2.3055058	0	15	0	1	0	0	808.4216308	1614.828709	80.37249	-.AILVDLEPGTMDSVR.-	sp|P99024|TBB5_MOUSE;sp|Q7TMM9|TBB2A_MOUSE;sp|Q9CWF2|TBB2B_MOUSE;sp|Q9ERD7|TBB3_MOUSE	-0.03201402680184	0.03529411764705882	0.03529411764705882	0.22161661518476272
2023_05_31_mouse_tcell_0pt3FC+PRTC_100fmol_100ng_60k_PRM_50cm_wtrap_01.mzml:2011.129:YVVVSTPEK+2	1	14985	5.8644943	0.61656225	0.841634	5.086343	4.7941256	0.12076625	0.061620977	3	0	2.0803623	-1.5602717	0.0	10.0	10.0	-1.5716815	0	9	0	1	0	0	511.2818533	1020.549154	33.518818	-.YVVVSTPEK.-	sp|P18572|BASI_MOUSE	-0.032105794853928	0.05747126436781609	0.056179775280898875	0.2822474695097286
2023_05_31_mouse_tcell_0pt3FC+PRTC_100fmol_100ng_60k_PRM_50cm_wtrap_01.mzml:3092.572:IVAPGKGILAADESTGSIAK+3	1	22977	5.3125825	0.318363	0.12243727	5.0115523	4.7155952	0.3890074	0.19678912	2	2	1.3484725	0.5576274	0.0	10.0	10.0	-1.883683	1	20	0	0	1	0	633.3579577	1897.052044	51.542866	-.IVAPGKGILAADESTGSIAK.-	sp|P05064|ALDOA_MOUSE	-0.03242398869378	0.056179775280898875	0.056179775280898875	0.3144758374440008
2023_05_31_mouse_tcell_0pt3FC+PRTC_100fmol_100ng_60k_PRM_50cm_wtrap_01.mzml:4198.125:GTEPSALPFVDPNARPLAPEVSIK+3	1	31139	4.447258	0.2489624	0.24583332	4.447258	4.154828	0.882187	0.44991535	1	1	2.8480911	-2.1360683	0.0	10.0	10.0	-2.3881855	0	24	0	0	1	0	835.7831064	2504.32749	69.96875	-.GTEPSALPFVDPNARPLAPEVSIK.-	sp|B2RQC6|PYR1_MOUSE	-0.0324381050425	0.07692307692307693	0.07368421052631578	0.374331433205847
2023_05_31_mouse_tcell_0pt3FC+PRTC_100fmol_100ng_60k_PRM_50cm_wtrap_01.mzml:4986.6543:SGEYSC[+57.0214635]IFLPEPVGR+2	1	36948	4.3370843	0.24676763	0.29406223	4.3370843	4.0390835	0.9247531	0.4656132	1	1	2.4151933	-1.8113949	0.0	10.0	10.0	-2.415729	0	15	0	1	0	0	855.9114258	1709.808299	83.11091	-.SGEYSC[+57.0214635]IFLPEPVGR.-	sp|P18572|BASI_MOUSE	-0.03249887237271	0.07526881720430108	0.07368421052631578	0.39767757019764066
2023_05_31_mouse_tcell_0pt3FC+PRTC_100fmol_100ng_60k_PRM_50cm_wtrap_01.mzml:1773.3138:FVSNITR+2	1	13227	7.6327553	0.43096334	0.7473662	5.5535736	5.2538447	0.22476356	0.11271893	5	0	3.560999	0.94514394	0.98831177	4.940829	-3.5162115	-0.20345974	0	7	0	1	0	0	418.7348773	835.4552017	29.555231	-.FVSNITR.-	sp|P13864|DNMT1_MOUSE	-0.03259064545958	0.07368421052631578	0.07368421052631578	0.4134295552327066
2023_05_31_mouse_tcell_0pt3FC+PRTC_100fmol_100ng_60k_PRM_50cm_wtrap_01.mzml:1534.512:VGTQTFC[+57.0214635]SR+2	1	11462	6.5098386	0.4076582	0.4763666	5.129627	4.830655	0.12984611	0.065231435	4	0	3.7021172	-2.486772	0.0	10.0	10.0	-1.8725404	0	9	0	1	0	0	528.2505668	1054.486581	25.5752	-.VGTQTFC[+57.0214635]SR.-	sp|Q3U7R1|ESYT1_MOUSE	-0.0330950229128099	0.09278350515463918	0.08737864077669903	0.42349112872648453
2023_05_31_mouse_tcell_0pt3FC+PRTC_100fmol_100ng_60k_PRM_50cm_wtrap_01.mzml:3873.2085:VTSLTAC[+57.0214635]LVNQNLR+3	1	28741	6.41901	0.38290167	0.6154333	5.038799	4.7410135	0.21029857	0.10593793	4	4	3.850251	1.1564194	0.0	10.0	10.0	-3.0	0	14	0	0	1	0	530.2873687	1587.840277	64.553474	-.VTSLTAC[+57.0214635]LVNQNLR.-	sp|P01831|THY1_MOUSE	-0.0336484022826	0.09090909090909091	0.08737864077669903	0.43571696209966987
2023_05_31_mouse_tcell_0pt3FC+PRTC_100fmol_100ng_60k_PRM_50cm_wtrap_01.mzml:5892.0103:ILDIIGLPGEEDWPR+2	1	43609	3.9922688	0.118057676	0.34757864	3.9922688	3.6937287	1.00749	0.5066415	1	1	0.26929647	-0.20197235	0.0	10.0	10.0	-1.8968468	0	15	0	1	0	0	861.9566948	1721.898837	98.20017	-.ILDIIGLPGEEDWPR.-	sp|Q64261|CDK6_MOUSE	-0.033716431536992	0.0891089108910891	0.08737864077669903	0.45490671041361275
2023_05_31_mouse_tcell_0pt3FC+PRTC_100fmol_100ng_60k_PRM_50cm_wtrap_01.mzml:4109.7773:AILSTKPPGTFLLR+3	1	30487	5.8679466	0.036963604	0.19418965	5.0897956	4.7917953	0.33893034	0.17065144	3	0	2.4943767	-1.8707825	0.62642187	7.3790493	-7.3790493	-1.6422329	0	14	0	0	1	0	505.30821	1512.902801	68.49629	-.AILSTKPPGTFLLR.-	sp|P42227|STAT3_MOUSE	-0.034278024949948	0.08737864077669903	0.08737864077669903	0.48021243218489607
2023_05_31_mouse_tcell_0pt3FC+PRTC_100fmol_100ng_60k_PRM_50cm_wtrap_01.mzml:4125.868:ELILFSNSDNER+2	1	30606	4.6120987	0.24845274	0.23833357	4.6120987	4.3167853	0.82001525	0.41503033	1	1	0.19035475	-0.14276606	0.0	10.0	10.0	-2.3469753	0	12	0	1	0	0	718.8544368	1435.694321	68.76447	-.ELILFSNSDNER.-	sp|Q01320|TOP2A_MOUSE;sp|Q64511|TOP2B_MOUSE	-0.03472761462911	0.12380952380952381	0.11926605504587157	0.5838980352203661
2023_05_31_mouse_tcell_0pt3FC+PRTC_100fmol_100ng_60k_PRM_50cm_wtrap_01.mzml:2828.4895:SQWEALC[+57.0214635]DSSAAR+2	1	21026	4.946856	0.13845254	0.21367241	4.645826	4.347178	0.4693209	0.23595107	2	1	0.43807968	0.004646048	0.0	10.0	10.0	-2.263286	0	13	0	1	0	0	740.8278973	1479.641242	47.14149	-.SQWEALC[+57.0214635]DSSAAR.-	sp|P13379|CD5_MOUSE	-0.0348811674738119	0.12149532710280374	0.11926605504587157	0.6240158423883887
2023_05_31_mouse_tcell_0pt3FC+PRTC_100fmol_100ng_60k_PRM_50cm_wtrap_01.mzml:3120.963:IC[+57.0214635]DFGLAR+2	1	23187	6.1122255	0.36704808	0.495838	5.334074	5.034561	0.18782187	0.09423962	3	1	0.71665114	-0.30433333	0.0	10.0	10.0	-2.3577995	0	8	0	1	0	0	476.2394703	950.4643877	52.01605	-.IC[+57.0214635]DFGLAR.-	sp|O54949|NLK_MOUSE;sp|P05532|KIT_MOUSE;sp|P05622|PGFRB_MOUSE;sp|P26618|PGFRA_MOUSE;sp|P35917|VGFR3_MOUSE;sp|P35918|VGFR2_MOUSE;sp|P35969|VGFR1_MOUSE;sp|P63085|MK01_MOUSE;sp|Q00342|FLT3_MOUSE;sp|Q63844|MK03_MOUSE	-0.0349513785875499	0.11926605504587157	0.11926605504587157	0.6644411745534816
2023_05_31_mouse_tcell_0pt3FC+PRTC_100fmol_100ng_60k_PRM_50cm_wtrap_01.mzml:4526.1533:TFSNDIMLLK+2	1	33557	5.647048	0.2493612	0.24256758	5.647048	5.3485084	0.5762966	0.28980514	1	1	0.72138816	-0.54104114	0.8147421	1.5387238	-1.5387238	-2.088238	0	10	0	1	0	0	591.3153743	1180.616196	75.43589	-.TFSNDIMLLK.-	sp|P04187|GRAB_MOUSE	-0.03507101214466	0.17117117117117117	0.17117117117117117	0.7850470794086861
2023_05_31_mouse_tcell_0pt3FC+PRTC_100fmol_100ng_60k_PRM_50cm_wtrap_01.mzml:1470.3666:LEC[+57.0214635]EDIK+2	1	10988	6.829481	0.35467887	0.62121814	6.0513296	5.751709	0.064600565	0.03240526	3	1	1.7575923	-1.3181943	0.0	10.0	10.0	-1.9715204	0	7	0	1	0	0	453.7154933	905.4164337	24.50611	-.LEC[+57.0214635]EDIK.-	sp|E9PVX6|KI67_MOUSE	-0.035496887157135	0.20353982300884957	0.20353982300884957	0.7918807750078444
2023_05_31_mouse_tcell_0pt3FC+PRTC_100fmol_100ng_60k_PRM_50cm_wtrap_01.mzml:5311.7173:SPQTPELVEALAFR+2	1	39340	3.87454	0.14058805	0.13631746	3.87454	3.5757842	0.9485739	0.47677696	1	1	0.3902372	-0.2926779	0.0	10.0	10.0	-2.531365	0	14	0	1	0	0	779.4172058	1556.819859	88.52862	-.SPQTPELVEALAFR.-	sp|Q6A0A9|F120A_MOUSE	-0.03581956425079	0.23478260869565218	0.23478260869565218	0.7918807750078444
2023_05_31_mouse_tcell_0pt3FC+PRTC_100fmol_100ng_60k_PRM_50cm_wtrap_01.mzml:2819.8457:LQLVPGHEGLR+3	1	20962	4.9669585	0.44045126	0.70743585	4.6659284	4.36674	0.5578487	0.28010976	2	0	2.1916034	1.6437025	0.0	10.0	10.0	-2.2001116	0	11	0	0	1	0	406.9032954	1217.688057	46.99743	-.LQLVPGHEGLR.-	sp|P13379|CD5_MOUSE	-0.03607460711456	0.26495726495726496	0.2631578947368421	0.7918807750078444
2023_05_31_mouse_tcell_0pt3FC+PRTC_100fmol_100ng_60k_PRM_50cm_wtrap_01.mzml:3691.2864:KLAVNMVPFPR+3	1	27398	5.5137897	0.3234795	0.36545044	5.2127595	4.9142194	0.32775694	0.16482076	2	2	1.8753031	-1.4064773	0.0	10.0	10.0	-2.3547935	1	11	0	0	1	0	424.581276	1270.721999	61.52144	-.KLAVNMVPFPR.-	sp|A2AQ07|TBB1_MOUSE;sp|P68372|TBB4B_MOUSE;sp|P99024|TBB5_MOUSE;sp|Q7TMM9|TBB2A_MOUSE;sp|Q922F4|TBB6_MOUSE;sp|Q9CWF2|TBB2B_MOUSE;sp|Q9D6F9|TBB4A_MOUSE;sp|Q9ERD7|TBB3_MOUSE	-0.03641147848082	0.2773109243697479	0.2631578947368421	0.7918807750078444
2023_05_31_mouse_tcell_0pt3FC+PRTC_100fmol_100ng_60k_PRM_50cm_wtrap_01.mzml:5378.5723:RPPGPPLPVTTDLAL+2	1	39832	3.8862321	0.13755809	0.12664104	3.8862321	3.5881238	0.92603326	0.46614197	1	1	2.6229923	1.9672441	0.0	10.0	10.0	-2.528442	0	15	0	1	0	0	772.4457668	1542.876981	89.64287	-.RPPGPPLPVTTDLAL.-	sp|Q9JL26|FMNL1_MOUSE	-0.03641669144383	0.2727272727272727	0.2631578947368421	0.7918807750078444
2023_05_31_mouse_tcell_0pt3FC+PRTC_100fmol_100ng_60k_PRM_50cm_wtrap_01.mzml:1920.7816:ISEQFTAMFR+2	1	14317	5.691593	0.23179069	0.33862585	5.390563	4.969227	0.6784365	0.2476607	2	1	0.042196173	-0.003409826	0.0	10.0	10.0	-3.0	0	10	0	1	0	0	615.3027988	1228.591045	32.013027	-.ISEQFTAMFR.-	sp|P68372|TBB4B_MOUSE;sp|P99024|TBB5_MOUSE;sp|Q7TMM9|TBB2A_MOUSE;sp|Q9CWF2|TBB2B_MOUSE;sp|Q9D6F9|TBB4A_MOUSE;sp|Q9ERD7|TBB3_MOUSE	-0.036513486032034	0.2682926829268293	0.2631578947368421	0.7918807750078444
2023_05_31_mouse_tcell_0pt3FC+PRTC_100fmol_100ng_60k_PRM_50cm_wtrap_01.mzml:3740.4558:GPLTSC[+57.0214635]DFDLR+2	1	27761	4.7164288	0.16195154	0.39735898	4.4153986	4.1164265	0.4443062	0.22320832	2	0	0.33785102	0.06454658	0.0	10.0	10.0	-2.3208928	0	11	0	1	0	0	640.8006203	1279.586688	62.34093	-.GPLTSC[+57.0214635]DFDLR.-	sp|Q8C147|DOCK8_MOUSE	-0.0367080322021	0.28	0.2631578947368421	0.7918807750078444
2023_05_31_mouse_tcell_0pt3FC+PRTC_100fmol_100ng_60k_PRM_50cm_wtrap_01.mzml:3495.7776:QIPC[+57.0214635]IVSMLTK+2	1	25955	4.605496	0.24712917	0.23876192	4.605496	4.310611	0.48675424	0.24684525	1	1	0.68964905	0.51723677	0.0	10.0	10.0	-2.8668213	0	11	0	1	0	0	645.3514348	1288.688317	58.26296	-.QIPC[+57.0214635]IVSMLTK.-	sp|P70677|CASP3_MOUSE	-0.03672535785975	0.2755905511811024	0.2631578947368421	0.7918807750078444
2023_05_31_mouse_tcell_0pt3FC+PRTC_100fmol_100ng_60k_PRM_50cm_wtrap_01.mzml:4905.579:MDSNTQGIENPGFETTPPFQGMPEAK+3	1	36351	3.2345731	0.14564861	0.39384428	3.2345731	2.937542	0.9632213	0.4860656	1	1	2.1908147	-1.6431111	0.0	10.0	10.0	-2.6913567	0	26	0	0	1	0	941.7581927	2822.252749	81.75965	-.MDSNTQGIENPGFETTPPFQGMPEAK.-	sp|Q9D659|VISTA_MOUSE	-0.03675956417707	0.2713178294573643	0.2631578947368421	0.7918807750078444
2023_05_31_mouse_tcell_0pt3FC+PRTC_100fmol_100ng_60k_PRM_50cm_wtrap_01.mzml:2233.7974:ISAASEEEAVGNGAATPK+2	1	16631	3.7808428	0.21820205	0.46051788	3.7808428	3.482303	0.8825461	0.44381034	1	0	0.77645713	0.58234286	0.0	10.0	10.0	-2.5547893	0	18	0	1	0	0	851.4181308	1700.821709	37.229958	-.ISAASEEEAVGNGAATPK.-	sp|E9Q394|AKP13_MOUSE	-0.03692877976893	0.26717557251908397	0.2631578947368421	0.7918807750078444
2023_05_31_mouse_tcell_0pt3FC+PRTC_100fmol_100ng_60k_PRM_50cm_wtrap_01.mzml:1570.3772:DTPPQGEESHSGDGSTLETER+3	1	11727	4.2302914	0.12738824	0.3213175	3.9292614	3.6306136	0.4779822	0.24030551	2	0	0.8556054	0.016437441	0.0	10.0	10.0	-2.4424272	0	21	0	0	1	0	743.6561194	2227.946529	26.172953	-.DTPPQGEESHSGDGSTLETER.-	sp|Q8C156|CND2_MOUSE	-0.037013816052944	0.2631578947368421	0.2631578947368421	0.7918807750078444
2023_05_31_mouse_tcell_0pt3FC+PRTC_100fmol_100ng_60k_PRM_50cm_wtrap_01.mzml:1741.1064:ESTDVEPGVGR+2	1	12989	5.9033756	0.08454985	0.47073707	5.125224	4.672123	0.21756443	0.097791396	3	0	3.7292175	-2.6481647	0.0	10.0	10.0	-0.8340702	0	11	0	1	0	0	573.2752923	1144.536032	29.01844	-.ESTDVEPGVGR.-	sp|Q8C147|DOCK8_MOUSE	-0.037119145765004	0.28888888888888886	0.2846715328467153	0.7918807750078445
2023_05_31_mouse_tcell_0pt3FC+PRTC_100fmol_100ng_60k_PRM_50cm_wtrap_01.mzml:2398.8638:TILIEANR+2	1	17851	6.6542354	0.11160892	0.21074766	5.274024	4.9746194	0.14279945	0.07166748	4	0	1.9285492	0.24963737	0.0	10.0	10.0	-2.6638684	0	8	0	1	0	0	465.2743668	928.5341807	39.981064	-.TILIEANR.-	sp|Q9JL26|FMNL1_MOUSE	-0.03716555471489	0.2846715328467153	0.2846715328467153	0.7918807750078445
2023_05_31_mouse_tcell_0pt3FC+PRTC_100fmol_100ng_60k_PRM_50cm_wtrap_01.mzml:4440.411:FGDLDEQEFVYKEPAITK+3	1	32925	3.9858892	0.24689902	0.23292442	3.9858892	3.687565	0.85445714	0.42989874	1	1	0.20890741	-0.15668055	0.0	10.0	10.0	-2.5035276	1	18	0	0	1	0	710.352758	2128.036445	74.00685	-.FGDLDEQEFVYKEPAITK.-	sp|Q8C147|DOCK8_MOUSE;sp|Q8R1A4|DOCK7_MOUSE	-0.03746888474144	0.2949640287769784	0.2949640287769784	0.7918807750078445
2023_05_31_mouse_tcell_0pt3FC+PRTC_100fmol_100ng_60k_PRM_50cm_wtrap_01.mzml:5373.135:ALTVPELTQQMFDSK+2	1	39792	3.6303039	0.040602047	0.1033616	3.6303039	3.3314397	1.0589345	0.5321145	1	1	3.2957675	2.4718256	0.0	10.0	10.0	-2.592424	0	15	0	1	0	0	854.4347388	1706.854925	89.552246	-.ALTVPELTQQMFDSK.-	sp|Q7TMM9|TBB2A_MOUSE;sp|Q9CWF2|TBB2B_MOUSE	-0.037728512076159	0.3049645390070922	0.3049645390070922	0.7918807750078445
2023_05_31_mouse_tcell_0pt3FC+PRTC_100fmol_100ng_60k_PRM_50cm_wtrap_01.mzml:1401.8029:GDSVSDNGSEAVR+2	1	10481	5.476084	0.36710003	0.52472717	5.175054	4.8402634	0.6185661	0.30231726	2	2	0.4875566	-0.36566746	0.5166155	9.732819	-9.732819	-2.2591848	0	13	0	1	0	0	646.7892943	1291.564036	23.36338	-.GDSVSDNGSEAVR.-	sp|Q61823|PDCD4_MOUSE	-0.0380074484427099	0.32867132867132864	0.31543624161073824	0.7918807750078445
2023_05_31_mouse_tcell_0pt3FC+PRTC_100fmol_100ng_60k_PRM_50cm_wtrap_01.mzml:1435.7584:MIEEAGAIISTR+2	1	10732	5.2477355	0.04842474	0.15384631	4.9467053	4.6544886	0.4380946	0.22353776	2	0	3.2481105	1.5743872	0.0	10.0	10.0	-1.5784936	0	12	0	1	0	0	645.8397453	1289.664938	23.929308	-.MIEEAGAIISTR.-	sp|Q91V12|BACH_MOUSE	-0.03801153951592	0.32413793103448274	0.31543624161073824	0.7918807750078445
2023_05_31_mouse_tcell_0pt3FC+PRTC_100fmol_100ng_60k_PRM_50cm_wtrap_01.mzml:3392.1665:FFLQDPR+2	1	25190	5.405459	0.40124872	0.47297564	5.104429	4.8052406	0.45457438	0.22825319	2	1	0.35831928	-0.26873946	0.0	10.0	10.0	-3.0	0	7	0	1	0	0	461.7427028	921.4708527	56.53611	-.FFLQDPR.-	sp|Q3U7R1|ESYT1_MOUSE	-0.0380611888390999	0.3197278911564626	0.31543624161073824	0.7918807750078445
2023_05_31_mouse_tcell_0pt3FC+PRTC_100fmol_100ng_60k_PRM_50cm_wtrap_01.mzml:4058.2722:FQSVESGANNVVFIR+2	1	30107	4.4991903	0.13175637	0.239776	4.4991903	4.2012973	0.97398144	0.4905213	1	1	0.35875514	-0.26906636	0.6386581	2.0726438	-2.0726438	-3.0	0	15	0	1	0	0	833.9310108	1665.847469	67.63787	-.FQSVESGANNVVFIR.-	sp|Q99J36|THUM1_MOUSE	-0.03813053207587	0.31543624161073824	0.31543624161073824	0.7918807750078445
2023_05_31_mouse_tcell_0pt3FC+PRTC_100fmol_100ng_60k_PRM_50cm_wtrap_01.mzml:3853.8564:ANC[+57.0214635]IDSTASAEAVFASEVKK+3	1	28598	4.237818	0.2403105	0.48378292	4.237818	3.942397	0.83852035	0.42471057	1	1	0.9936978	-0.74527335	0.0	10.0	10.0	-2.4405456	1	20	0	0	1	0	700.008888	2097.004835	64.23094	-.ANC[+57.0214635]IDSTASAEAVFASEVKK.-	sp|P35550|FBRL_MOUSE	-0.03864123406293	0.32450331125827814	0.3161290322580645	0.7918807750078445
2023_05_31_mouse_tcell_0pt3FC+PRTC_100fmol_100ng_60k_PRM_50cm_wtrap_01.mzml:3035.0278:QINPTLGSQEDFKDLLQSAK+3	1	22552	4.3306575	0.060017724	0.055661723	4.3306575	4.034701	0.91129667	0.46100214	1	0	0.22986092	-0.17239569	0.0	10.0	10.0	-2.4173355	1	20	0	0	1	0	744.7217357	2231.143378	50.583797	-.QINPTLGSQEDFKDLLQSAK.-	sp|P10852|4F2_MOUSE	-0.038676506230098	0.3202614379084967	0.3161290322580645	0.7918807750078445
2023_05_31_mouse_tcell_0pt3FC+PRTC_100fmol_100ng_60k_PRM_50cm_wtrap_01.mzml:3180.1267:YQEVTNNLEFAK+2	1	23624	4.5860224	-0.003639406	0.07268651	4.5860224	4.2881293	0.82969254	0.4178539	1	0	2.9522855	-2.214214	0.0	10.0	10.0	-2.3534944	0	12	0	1	0	0	728.3593518	1454.704151	53.002113	-.YQEVTNNLEFAK.-	sp|Q60865|CAPR1_MOUSE	-0.038679748607298	0.3161290322580645	0.3161290322580645	0.7918807750078445
2023_05_31_mouse_tcell_0pt3FC+PRTC_100fmol_100ng_60k_PRM_50cm_wtrap_01.mzml:3297.807:LLTTIGKDLDFAK+3	1	24493	5.1279917	0.082222	0.12586491	4.8269615	4.529392	0.41927853	0.2113164	2	0	0.21431367	-0.09761968	0.0	10.0	10.0	-3.0	1	13	0	0	1	0	478.9449374	1433.812983	54.963448	-.LLTTIGKDLDFAK.-	sp|Q6NZJ6|IF4G1_MOUSE	-0.03875120543181	0.3375796178343949	0.3375796178343949	0.7918807750078445
2023_05_31_mouse_tcell_0pt3FC+PRTC_100fmol_100ng_60k_PRM_50cm_wtrap_01.mzml:5602.499:VLEVPPIVYLR+2	1	41479	4.433227	-0.001280958	0.04518667	4.433227	4.134039	0.8470187	0.42530927	1	1	2.250864	-1.688148	0.0	10.0	10.0	-2.391693	0	11	0	1	0	0	649.3975518	1296.780551	93.374985	-.VLEVPPIVYLR.-	sp|Q91V12|BACH_MOUSE	-0.038781524804054	0.34591194968553457	0.34591194968553457	0.7918807750078445
2023_05_31_mouse_tcell_0pt3FC+PRTC_100fmol_100ng_60k_PRM_50cm_wtrap_01.mzml:4023.162:FC[+57.0214635]LSC[+57.0214635]IR+2	1	29848	4.9922633	0.49713096	0.5194645	4.691233	4.3936634	0.68835604	0.34687585	2	2	0.5802495	-0.4351871	0.0	10.0	10.0	-3.0	0	7	0	1	0	0	478.2280483	954.4415437	67.052704	-.FC[+57.0214635]LSC[+57.0214635]IR.-	sp|P13864|DNMT1_MOUSE	-0.0388525755874999	0.35403726708074534	0.35403726708074534	0.7939958768907583
2023_05_31_mouse_tcell_0pt3FC+PRTC_100fmol_100ng_60k_PRM_50cm_wtrap_01.mzml:5242.789:LGDLLISQFSGSNAEQMR+2	1	38833	0.0	-0.001666667	-0.008496366	0.0	0.0	0.119466774	0.05998726	0	0	0.0	0.0	0.0	10.0	10.0	-3.0	0	18	0	1	0	0	983.4885643	1964.962576	87.379814	-.LGDLLISQFSGSNAEQMR.-	sp|Q60875|ARHG2_MOUSE	-0.038939616782439	0.3619631901840491	0.3567251461988304	0.8092931273128602
2023_05_31_mouse_tcell_0pt3FC+PRTC_100fmol_100ng_60k_PRM_50cm_wtrap_01.mzml:1952.709:FSESTPMGTSR+2	1	14553	4.9644485	0.22528133	0.59010226	4.6634183	4.3645544	0.3896625	0.19580542	2	0	2.0271041	-0.25426155	0.0	10.0	10.0	-2.2588878	0	11	0	1	0	0	600.2716953	1198.528838	32.54515	-.FSESTPMGTSR.-	sp|Q9JL26|FMNL1_MOUSE	-0.03911689308729	0.3696969696969697	0.3567251461988304	0.8359266014607963
2023_05_31_mouse_tcell_0pt3FC+PRTC_100fmol_100ng_60k_PRM_50cm_wtrap_01.mzml:2410.1243:IVGLQYK+2	1	17934	6.6209974	0.4024457	0.7367393	5.240786	4.9409485	0.05981525	0.029989874	4	0	4.7085423	-0.32931048	0.57275367	1.8387052	1.8387052	-2.3173647	0	7	0	1	0	0	410.7499923	819.4854317	40.16874	-.IVGLQYK.-	sp|Q01320|TOP2A_MOUSE;sp|Q64511|TOP2B_MOUSE	-0.039120321292586	0.3652694610778443	0.3567251461988304	0.8522129170613019
2023_05_31_mouse_tcell_0pt3FC+PRTC_100fmol_100ng_60k_PRM_50cm_wtrap_01.mzml:5523.5225:EAVGDLLDAFK+2	1	40898	4.1404433	0.12825683	0.12085137	4.1404433	3.8414714	0.83516634	0.41956675	1	1	1.2002314	-0.90017354	0.0	10.0	10.0	-2.464889	0	11	0	1	0	0	589.3086038	1176.602655	92.05871	-.EAVGDLLDAFK.-	sp|Q6NZJ6|IF4G1_MOUSE	-0.03913622585373	0.3609467455621302	0.3567251461988304	0.8697531542826901
2023_05_31_mouse_tcell_0pt3FC+PRTC_100fmol_100ng_60k_PRM_50cm_wtrap_01.mzml:5773.7764:WASSLENLLEDPEGVQR+2	1	42739	0.0	-0.000874	0.04832157	0.0	0.0	0.13992509	0.07018992	0	0	0.0	0.0	0.0	10.0	10.0	-3.0	0	17	0	1	0	0	971.9788863	1941.94322	96.22961	-.WASSLENLLEDPEGVQR.-	sp|Q9CQE5|RGS10_MOUSE	-0.03914168272791	0.3567251461988304	0.3567251461988304	0.8879559594390004
2023_05_31_mouse_tcell_0pt3FC+PRTC_100fmol_100ng_60k_PRM_50cm_wtrap_01.mzml:3044.1125:QFMAETQFSSGEK+2	1	22619	3.7623138	0.15039884	0.32472804	3.7623138	3.466357	0.8926539	0.44381607	1	0	0.13809375	0.10357032	0.0	10.0	10.0	-2.5594215	0	13	0	1	0	0	745.3350243	1488.655496	50.73521	-.QFMAETQFSSGEK.-	sp|Q60865|CAPR1_MOUSE	-0.03931843906034	0.37572254335260113	0.3743016759776536	0.9399058370736351
2023_05_31_mouse_tcell_0pt3FC+PRTC_100fmol_100ng_60k_PRM_50cm_wtrap_01.mzml:5268.095:KVVEPELMGTPDGPC[+57.0214635]YPAPPVPR+3	1	39019	3.9840708	0.06456121	0.35062134	3.9840708	3.6916409	0.97478473	0.49714014	1	1	2.7207353	2.0405514	0.0	10.0	10.0	-2.5039823	1	23	0	0	1	0	836.087142	2505.239597	87.80159	-.KVVEPELMGTPDGPC[+57.0214635]YPAPPVPR.-	sp|B2RQC6|PYR1_MOUSE	-0.03944389804534	0.38285714285714284	0.3743016759776536	0.964868458221641
2023_05_31_mouse_tcell_0pt3FC+PRTC_100fmol_100ng_60k_PRM_50cm_wtrap_01.mzml:3484.9668:YPFTAQVDSPVK+2	1	25875	3.9015353	0.22749075	0.33317453	3.9015353	3.6027794	0.7617369	0.38286802	1	1	2.4635837	-1.8476878	0.0	10.0	10.0	-2.2534409	0	12	0	1	0	0	676.3482563	1350.68196	58.08278	-.YPFTAQVDSPVK.-	sp|P56203|CATW_MOUSE	-0.03948054088033	0.3785310734463277	0.3743016759776536	0.9720425581251335
2023_05_31_mouse_tcell_0pt3FC+PRTC_100fmol_100ng_60k_PRM_50cm_wtrap_01.mzml:4908.429:DSC[+57.0214635]NGDSGSPLLC[+57.0214635]DGILR+2	1	36372	0.0	0.0	-0.004659329	0.0	0.0	0.113314964	0.05706825	0	0	0.0	0.0	0.0	10.0	10.0	-3.0	0	18	0	1	0	0	968.4303893	1934.846226	81.80715	-.DSC[+57.0214635]NGDSGSPLLC[+57.0214635]DGILR.-	sp|P11032|GRAA_MOUSE	-0.039612106653568	0.3743016759776536	0.3743016759776536	0.9746046646533331
2023_05_31_mouse_tcell_0pt3FC+PRTC_100fmol_100ng_60k_PRM_50cm_wtrap_01.mzml:4927.3164:LLSDLC[+57.0214635]GTVMSTNDVEK+2	1	36511	0.0	-0.00259803	-0.019331548	0.0	0.0	0.11573377	0.05840215	0	0	0.0	0.0	0.0	10.0	10.0	-2.4956675	0	17	0	1	0	0	941.4502593	1880.885966	82.12194	-.LLSDLC[+57.0214635]GTVMSTNDVEK.-	sp|Q61823|PDCD4_MOUSE	-0.03964974605522	0.3812154696132597	0.3770491803278688	0.9822952764722102
2023_05_31_mouse_tcell_0pt3FC+PRTC_100fmol_100ng_60k_PRM_50cm_wtrap_01.mzml:2959.5366:DMGFTEEEFKR+3	1	21994	5.206073	0.09861713	0.09637948	5.206073	4.7321963	0.93300545	0.33005452	1	1	0.12639822	-0.09479866	0.0	10.0	10.0	-3.0	1	11	0	0	1	0	463.5432154	1387.607817	49.32561	-.DMGFTEEEFKR.-	sp|P03958|ADA_MOUSE	-0.03966361392052	0.3770491803278688	0.3770491803278688	0.9911378732984523
2023_05_31_mouse_tcell_0pt3FC+PRTC_100fmol_100ng_60k_PRM_50cm_wtrap_01.mzml:3092.7053:GASFEEDSGGPLVC[+57.0214635]K+2	1	22978	3.6973104	0.058072582	0.10189178	3.6973104	3.3989863	0.9345679	0.47020453	1	1	1.6199317	1.2149488	0.0	10.0	10.0	-2.5756724	0	15	0	1	0	0	776.8510383	1551.687524	51.54509	-.GASFEEDSGGPLVC[+57.0214635]K.-	sp|P08882|GRAC_MOUSE	-0.040356800046874	0.4486486486486487	0.44385026737967914	1.0
2023_05_31_mouse_tcell_0pt3FC+PRTC_100fmol_100ng_60k_PRM_50cm_wtrap_01.mzml:2094.9878:VRPEIINESGNPSYK+3	1	15605	4.1743593	0.09737509	0.15773219	4.1743593	3.8759272	0.90780467	0.4566258	1	0	0.46591386	0.3494354	0.0	10.0	10.0	-2.4564102	0	15	0	0	1	0	568.296806	1701.868589	34.916462	-.VRPEIINESGNPSYK.-	sp|Q9CQU0|TXD12_MOUSE	-0.04041144886988	0.44385026737967914	0.44385026737967914	1.0
2023_05_31_mouse_tcell_0pt3FC+PRTC_100fmol_100ng_60k_PRM_50cm_wtrap_01.mzml:2194.717:VC[+57.0214635]AGYFR+2	1	16342	5.6672378	0.5519775	0.6542042	5.3662076	5.0663705	0.22337995	0.11199713	2	2	1.1501601	-0.86262006	0.41414842	6.266983	-6.266983	-3.0	0	7	0	1	0	0	436.7078018	871.4010507	36.578617	-.VC[+57.0214635]AGYFR.-	sp|P20334|TNR9_MOUSE	-0.04055128164595	0.48148148148148145	0.47150259067357514	1.0
2023_05_31_mouse_tcell_0pt3FC+PRTC_100fmol_100ng_60k_PRM_50cm_wtrap_01.mzml:2729.5037:LEEALLR+2	1	20294	6.1807814	0.4928942	1.1495246	4.80057	4.500733	0.57093936	0.28625473	4	1	1.4411377	-0.1563009	0.992905	3.283826	2.4025643	-2.5339499	0	7	0	1	0	0	422.2503603	842.4861677	45.491726	-.LEEALLR.-	sp|P97313|PRKDC_MOUSE;sp|Q8C147|DOCK8_MOUSE	-0.04057187840754	0.47643979057591623	0.47150259067357514	1.0
2023_05_31_mouse_tcell_0pt3FC+PRTC_100fmol_100ng_60k_PRM_50cm_wtrap_01.mzml:1679.189:YGC[+57.0214635]EGPSHGGLPGASSEK+3	1	12531	4.373904	0.094424345	0.12295614	4.373904	4.078055	0.9431019	0.47720954	1	1	1.9389462	-1.4542097	0.0	10.0	10.0	-2.366262	0	18	0	0	1	0	597.265178	1788.773705	27.986483	-.YGC[+57.0214635]EGPSHGGLPGASSEK.-	sp|Q9WTK5|NFKB2_MOUSE	-0.040582424374525	0.47150259067357514	0.47150259067357514	1.0
2023_05_31_mouse_tcell_0pt3FC+PRTC_100fmol_100ng_60k_PRM_50cm_wtrap_01.mzml:5490.7607:LFTPMDFEIEGNC[+57.0214635]EK+2	1	40657	0.0	0.0	-0.006666667	0.0	0.0	0.13375571	0.06731257	0	0	0.0	0.0	0.0	10.0	10.0	-3.0	0	15	0	1	0	0	915.4078633	1828.801174	91.51268	-.LFTPMDFEIEGNC[+57.0214635]EK.-	sp|O35892|SP100_MOUSE	-0.04072127747001	0.49743589743589745	0.49238578680203043	1.0
2023_05_31_mouse_tcell_0pt3FC+PRTC_100fmol_100ng_60k_PRM_50cm_wtrap_01.mzml:3234.592:VFPNGLASQEGTIQK+2	1	24026	3.8973105	-0.007024336	0.1573094	3.8973105	3.606156	0.93167293	0.4765507	1	1	2.560414	1.9203105	0.0	10.0	10.0	-2.5256724	0	15	0	1	0	0	794.9201128	1587.825673	53.909866	-.VFPNGLASQEGTIQK.-	sp|O54824|IL16_MOUSE	-0.040930086380818	0.49238578680203043	0.49238578680203043	1.0
2023_05_31_mouse_tcell_0pt3FC+PRTC_100fmol_100ng_60k_PRM_50cm_wtrap_01.mzml:5504.041:GLPLVDDGGWNTVPISK+2	1	40755	0.0	-0.001544004	-0.003088007	0.0	0.0	0.13482967	0.06800471	0	0	0.0	0.0	0.0	10.0	10.0	-3.0	0	17	0	1	0	0	884.4674268	1766.920301	91.73402	-.GLPLVDDGGWNTVPISK.-	sp|Q6NZJ6|IF4G1_MOUSE	-0.041012425717202	0.49748743718592964	0.49748743718592964	1.0
2023_05_31_mouse_tcell_0pt3FC+PRTC_100fmol_100ng_60k_PRM_50cm_wtrap_01.mzml:4071.8293:NQALVELLQK+2	1	30207	4.139645	0.14686492	0.122121155	4.139645	3.8402405	0.8726345	0.4379534	1	0	3.1592891	2.3694668	0.0	10.0	10.0	-2.4650888	0	10	0	1	0	0	578.3402383	1154.665924	67.86382	-.NQALVELLQK.-	sp|Q60875|ARHG2_MOUSE	-0.04107935400734	0.5024875621890548	0.4975369458128079	1.0
2023_05_31_mouse_tcell_0pt3FC+PRTC_100fmol_100ng_60k_PRM_50cm_wtrap_01.mzml:1435.7584:ATLWYVPLSLK+2	1	10732	4.9922023	0.06638536	0.47719923	4.9922023	4.523894	0.97705317	0.35481608	1	0	0.23109843	0.17332383	0.0	10.0	10.0	-2.923933	0	11	0	1	0	0	645.8764523	1289.738352	23.929308	-.ATLWYVPLSLK.-	sp|Q91V12|BACH_MOUSE	-0.04108441565663	0.4975369458128079	0.4975369458128079	1.0
2023_05_31_mouse_tcell_0pt3FC+PRTC_100fmol_100ng_60k_PRM_50cm_wtrap_01.mzml:3557.6436:MFLNDFLNDQNR+2	1	26412	4.142685	0.06090965	0.37409973	4.142685	3.8468354	1.0079281	0.5100116	1	1	0.50397825	-0.3779837	0.0	10.0	10.0	-3.0	0	12	0	1	0	0	763.8564573	1525.698362	59.29406	-.MFLNDFLNDQNR.-	sp|Q8JZK9|HMCS1_MOUSE	-0.04124922486725	0.5121951219512195	0.5071090047393365	1.0
2023_05_31_mouse_tcell_0pt3FC+PRTC_100fmol_100ng_60k_PRM_50cm_wtrap_01.mzml:1317.1578:KTTGAAQEEDAC[+57.0214635]SC[+57.0214635]R+3	1	9855	4.3291903	0.3052788	0.7007321	4.02816	3.729188	0.4655823	0.23389691	2	1	2.7977474	1.5418975	0.0	10.0	10.0	-1.283495	1	15	0	0	1	0	561.9068884	1682.698836	21.952631	-.KTTGAAQEEDAC[+57.0214635]SC[+57.0214635]R.-	sp|P20334|TNR9_MOUSE	-0.04144138029274	0.5169082125603864	0.5071090047393365	1.0
2023_05_31_mouse_tcell_0pt3FC+PRTC_100fmol_100ng_60k_PRM_50cm_wtrap_01.mzml:5607.799:SPQENLVPC[+57.0214635]DVLLLR+2	1	41518	0.0	0.0	0.0	0.0	0.0	0.14427729	0.072517365	0	0	0.0	0.0	0.0	10.0	10.0	-3.0	0	15	0	1	0	0	876.9692793	1751.924006	93.46331	-.SPQENLVPC[+57.0214635]DVLLLR.-	sp|Q9EPE9|AT131_MOUSE	-0.04147184786289	0.5119617224880383	0.5071090047393365	1.0
2023_05_31_mouse_tcell_0pt3FC+PRTC_100fmol_100ng_60k_PRM_50cm_wtrap_01.mzml:1405.4417:EGVKFDESEK+2	1	10508	4.9294424	0.16402005	0.3524791	4.6284122	4.3295484	0.28015482	0.1407778	2	0	1.3528835	-1.0146626	0.0	10.0	10.0	-2.0376387	1	10	0	1	0	0	584.2800428	1166.545533	23.424028	-.EGVKFDESEK.-	sp|P08113|ENPL_MOUSE	-0.04150188237289	0.5071090047393365	0.5071090047393365	1.0
2023_05_31_mouse_tcell_0pt3FC+PRTC_100fmol_100ng_60k_PRM_50cm_wtrap_01.mzml:2396.0234:FLYDDNQR+2	1	17830	4.6818676	0.11634502	0.27401707	4.6818676	4.382355	0.54569143	0.27380067	1	0	0.2191063	-0.16432972	0.0	10.0	10.0	-2.5680857	0	8	0	1	0	0	535.7487088	1069.482865	39.933723	-.FLYDDNQR.-	sp|Q01320|TOP2A_MOUSE;sp|Q64511|TOP2B_MOUSE	-0.04166604336695	0.5211267605633803	0.5162790697674419	1.0
2023_05_31_mouse_tcell_0pt3FC+PRTC_100fmol_100ng_60k_PRM_50cm_wtrap_01.mzml:1828.1316:VETQNPSLSSPETK+2	1	13632	3.8465993	0.012364876	0.16067588	3.8465993	3.5479515	1.0063913	0.5059632	1	0	0.022857808	-0.017143356	0.0	10.0	10.0	-2.53835	0	14	0	1	0	0	758.8781098	1515.741667	30.46886	-.VETQNPSLSSPETK.-	sp|E9Q394|AKP13_MOUSE	-0.041788606406516	0.5162790697674419	0.5162790697674419	1.0
2023_05_31_mouse_tcell_0pt3FC+PRTC_100fmol_100ng_60k_PRM_50cm_wtrap_01.mzml:3771.8777:FLLNNEIPK+2	1	27993	4.89391	0.45730245	0.9750326	4.59288	4.2939076	0.4731798	0.23726667	2	2	0.6875353	-0.51565146	0.18206018	2.5125856	-2.5125856	-1.3718004	0	9	0	1	0	0	544.3109488	1086.607345	62.864628	-.FLLNNEIPK.-	sp|O89110|CASP8_MOUSE	-0.04190630843597	0.5207373271889401	0.5207373271889401	1.0
2023_05_31_mouse_tcell_0pt3FC+PRTC_100fmol_100ng_60k_PRM_50cm_wtrap_01.mzml:4715.0127:ATYSTNSPVWEEAFR+2	1	34948	0.0	0.0	0.0	0.0	0.0	0.11399475	0.05739635	0	0	0.0	0.0	0.0	10.0	10.0	-3.0	0	15	0	1	0	0	879.4101043	1756.805656	78.58354	-.ATYSTNSPVWEEAFR.-	sp|Q3U7R1|ESYT1_MOUSE	-0.04232233935065	0.5707762557077626	0.5707762557077626	1.0
2023_05_31_mouse_tcell_0pt3FC+PRTC_100fmol_100ng_60k_PRM_50cm_wtrap_01.mzml:3245.6807:FTSFSVYC[+57.0214635]SR+2	1	24108	4.401124	0.13263392	0.30262896	4.401124	4.101936	0.9482152	0.4761226	1	1	0.27162132	-0.20371598	0.5375615	3.197726	3.197726	-2.399719	0	10	0	1	0	0	627.2846013	1252.55465	54.094677	-.FTSFSVYC[+57.0214635]SR.-	sp|P13864|DNMT1_MOUSE	-0.04307518907614	0.6470588235294118	0.6470588235294118	1.0
2023_05_31_mouse_tcell_0pt3FC+PRTC_100fmol_100ng_60k_PRM_50cm_wtrap_01.mzml:1826.4963:MAELC[+57.0214635]DSPR+2	1	13620	4.4462814	0.146258	0.28481388	4.4462814	4.1470933	0.81508267	0.40819526	1	0	1.5119342	-1.1339506	0.0	10.0	10.0	-2.3884296	0	9	0	1	0	0	539.7364343	1077.458316	30.441607	-.MAELC[+57.0214635]DSPR.-	sp|O89110|CASP8_MOUSE	-0.04353500799043	0.6681614349775785	0.6681614349775785	1.0
2023_05_31_mouse_tcell_0pt3FC+PRTC_100fmol_100ng_60k_PRM_50cm_wtrap_01.mzml:3390.8323:NSTEC[+57.0214635]TLILTEGDSAK+2	1	25180	0.0	-0.000701	-0.011139791	0.0	0.0	0.10659294	0.05372284	0	0	0.0	0.0	0.0	10.0	10.0	-3.0	0	16	0	1	0	0	869.9118243	1737.809096	56.51387	-.NSTEC[+57.0214635]TLILTEGDSAK.-	sp|Q01320|TOP2A_MOUSE	-0.04376923800272	0.68	0.6740088105726872	1.0
2023_05_31_mouse_tcell_0pt3FC+PRTC_100fmol_100ng_60k_PRM_50cm_wtrap_01.mzml:5760.9814:LLGATELPIVTPALR+2	1	42645	0.0	0.0	0.11353545	0.0	0.0	0.12778212	0.062157575	0	0	0.0	0.0	0.0	10.0	10.0	-3.0	0	15	0	1	0	0	782.4770668	1562.939581	96.01636	-.LLGATELPIVTPALR.-	sp|P52293|IMA1_MOUSE	-0.04377570310514	0.6740088105726872	0.6740088105726872	1.0
2023_05_31_mouse_tcell_0pt3FC+PRTC_100fmol_100ng_60k_PRM_50cm_wtrap_01.mzml:5515.499:YFSSGPDRTVQFWEQDGIPVLSK+3	1	40839	0.0	0.0	-0.003174492	0.0	0.0	0.17718637	0.0852541	0	0	0.0	0.0	0.0	10.0	10.0	-3.0	1	23	0	0	1	0	886.1062464	2655.29691	91.92498	-.YFSSGPDRTVQFWEQDGIPVLSK.-	sp|Q60837|I12R1_MOUSE	-0.04391012189205	0.6855895196506551	0.676595744680851	1.0
2023_05_31_mouse_tcell_0pt3FC+PRTC_100fmol_100ng_60k_PRM_50cm_wtrap_01.mzml:4756.6997:AVLVDLEPGTMDSVR+2	1	35255	0.0	-0.001666667	-0.008437566	0.0	0.0	0.12176231	0.06130732	0	0	0.0	0.0	0.0	10.0	10.0	-3.0	0	15	0	1	0	0	801.4138058	1600.813059	79.27833	-.AVLVDLEPGTMDSVR.-	sp|P68372|TBB4B_MOUSE;sp|Q9D6F9|TBB4A_MOUSE	-0.043926270491931	0.6796536796536796	0.676595744680851	1.0
2023_05_31_mouse_tcell_0pt3FC+PRTC_100fmol_100ng_60k_PRM_50cm_wtrap_01.mzml:5480.9546:VMNTGSQFVMEGVK+2	1	40585	0.0	-0.001666667	-0.006396194	0.0	0.0	0.10747508	0.05438239	0	0	0.0	0.0	0.0	10.0	10.0	-3.0	0	14	0	1	0	0	763.8707198	1525.726887	91.34924	-.VMNTGSQFVMEGVK.-	sp|Q8BRF7|SCFD1_MOUSE	-0.044034654904341	0.6824034334763949	0.676595744680851	1.0
2023_05_31_mouse_tcell_0pt3FC+PRTC_100fmol_100ng_60k_PRM_50cm_wtrap_01.mzml:1597.444:MAELC[+57.0214635]DSPREQDSESR+3	1	11927	4.132943	0.135827	0.45691884	4.132943	3.8335385	0.8438484	0.4235064	1	0	2.1626859	1.6220144	0.0	10.0	10.0	-2.4667642	1	16	0	0	1	0	637.2720064	1908.79419	26.624065	-.MAELC[+57.0214635]DSPREQDSESR.-	sp|O89110|CASP8_MOUSE	-0.0440640340891	0.676595744680851	0.676595744680851	1.0
2023_05_31_mouse_tcell_0pt3FC+PRTC_100fmol_100ng_60k_PRM_50cm_wtrap_01.mzml:1345.9468:AAATPESQEPQAK+2	1	10068	4.025092	0.057712536	0.1602895	4.025092	3.7291353	1.0056536	0.50647485	1	1	0.49589762	-0.3719232	0.0	10.0	10.0	-2.493727	0	13	0	1	0	0	664.3280568	1326.641561	22.432446	-.AAATPESQEPQAK.-	sp|P28667|MRP_MOUSE	-0.044206356076012	0.679324894514768	0.679324894514768	1.0
2023_05_31_mouse_tcell_0pt3FC+PRTC_100fmol_100ng_60k_PRM_50cm_wtrap_01.mzml:1555.5085:LALGIPLPELR+2	1	11617	4.4014626	0.09971345	0.38532272	4.4014626	4.1056128	0.84777737	0.4289754	1	1	0.36833298	-0.27624974	0.0	10.0	10.0	-2.399723	0	11	0	1	0	0	596.3766238	1190.738695	25.925142	-.LALGIPLPELR.-	sp|B2RQC6|PYR1_MOUSE	-0.04442749879226	0.7154811715481172	0.7004048582995951	1.0
2023_05_31_mouse_tcell_0pt3FC+PRTC_100fmol_100ng_60k_PRM_50cm_wtrap_01.mzml:1310.5116:KSC[+57.0214635]C[+57.0214635]SC[+57.0214635]C[+57.0214635]PVGC[+57.0214635]SK+2	1	9806	3.7765963	0.05104191	0.18933292	3.7765963	3.485442	0.9569045	0.48945662	1	0	1.552296	1.164222	0.0	10.0	10.0	-2.555851	1	13	0	1	0	0	795.3035073	1588.592462	21.84186	-.KSC[+57.0214635]C[+57.0214635]SC[+57.0214635]C[+57.0214635]PVGC[+57.0214635]SK.-	sp|P02802|MT1_MOUSE	-0.04451765370515	0.7178423236514523	0.7004048582995951	1.0
2023_05_31_mouse_tcell_0pt3FC+PRTC_100fmol_100ng_60k_PRM_50cm_wtrap_01.mzml:3044.3794:IIFDDFR+2	1	22621	5.6811657	0.071594626	0.17778729	4.903014	4.5527844	0.40928912	0.15807436	3	0	0.6068439	-0.42689565	0.1430816	1.5560173	-1.5560173	-3.0	0	7	0	1	0	0	463.2425353	924.4705177	50.73966	-.IIFDDFR.-	sp|P46978|STT3A_MOUSE	-0.044521069404802	0.7119341563786008	0.7004048582995951	1.0
2023_05_31_mouse_tcell_0pt3FC+PRTC_100fmol_100ng_60k_PRM_50cm_wtrap_01.mzml:5012.0415:EENADFGGAELPVVC[+57.0214635]GNAQGFLDKEK+3	1	37135	0.0	-0.001666667	0.24125767	0.0	0.0	0.107683316	0.05421854	0	0	0.0	0.0	0.0	10.0	10.0	-3.0	1	26	0	0	1	0	932.1044684	2793.291576	83.53403	-.EENADFGGAELPVVC[+57.0214635]GNAQGFLDKEK.-	sp|O35892|SP100_MOUSE	-0.044593460675473	0.7061224489795919	0.7004048582995951	1.0
2023_05_31_mouse_tcell_0pt3FC+PRTC_100fmol_100ng_60k_PRM_50cm_wtrap_01.mzml:4633.2485:GQNEDPGSLLTQFR+2	1	34346	0.0	0.0	-0.00651806	0.0	0.0	0.13903718	0.070057355	0	0	0.0	0.0	0.0	10.0	10.0	-3.0	0	14	0	1	0	0	781.3838943	1560.753236	77.22081	-.GQNEDPGSLLTQFR.-	sp|P10852|4F2_MOUSE	-0.04474354364678	0.7004048582995951	0.7004048582995951	1.0
2023_05_31_mouse_tcell_0pt3FC+PRTC_100fmol_100ng_60k_PRM_50cm_wtrap_01.mzml:1981.7661:WNIDSSC[+57.0214635]K+2	1	14768	3.9726777	0.18675661	0.18685573	3.9726777	3.6746771	0.9740197	0.49041894	1	0	0.72646874	0.54485154	0.0	10.0	10.0	-2.5068307	0	8	0	1	0	0	505.2240163	1008.43348	33.029434	-.WNIDSSC[+57.0214635]K.-	sp|Q62351|TFR1_MOUSE	-0.04524191131553	0.7429718875502008	0.7391304347826086	1.0
2023_05_31_mouse_tcell_0pt3FC+PRTC_100fmol_100ng_60k_PRM_50cm_wtrap_01.mzml:1266.5548:GKVEADEEPSAVR+2	1	9481	4.4864655	0.11996131	0.45586026	4.4864655	4.188465	0.8459396	0.42593056	1	1	3.02394	-2.267955	0.0	10.0	10.0	-2.485164	1	13	0	1	0	0	693.8466128	1385.678673	21.109247	-.GKVEADEEPSAVR.-	sp|E9PVX6|KI67_MOUSE	-0.04535135801731	0.7450199203187251	0.7391304347826086	1.0
2023_05_31_mouse_tcell_0pt3FC+PRTC_100fmol_100ng_60k_PRM_50cm_wtrap_01.mzml:5123.324:FDYYMPVIAGC[+57.0214635]R+2	1	37954	0.0	0.0	-0.003205301	0.0	0.0	0.14946032	0.075085126	0	0	0.0	0.0	0.0	10.0	10.0	-3.0	0	12	0	1	0	0	746.3415898	1490.668627	85.38874	-.FDYYMPVIAGC[+57.0214635]R.-	sp|P03958|ADA_MOUSE	-0.045367124561384	0.7391304347826086	0.7391304347826086	1.0
2023_05_31_mouse_tcell_0pt3FC+PRTC_100fmol_100ng_60k_PRM_50cm_wtrap_01.mzml:2799.1365:DSNWISKVEK+3	1	20809	3.6613803	0.06218717	0.1062651	3.6613803	3.3618677	0.9656047	0.48449215	1	0	0.42412463	-0.31809348	0.0	10.0	10.0	-2.5846548	1	10	0	0	1	0	402.5435434	1204.608801	46.652275	-.DSNWISKVEK.-	sp|Q62351|TFR1_MOUSE	-0.04664880337965	0.7803921568627451	0.7803921568627451	1.0
2023_05_31_mouse_tcell_0pt3FC+PRTC_100fmol_100ng_60k_PRM_50cm_wtrap_01.mzml:4765.1685:YGFIEGNVVIPR+2	1	35317	0.0	0.0	-0.000549	0.0	0.0	0.11408771	0.057400376	0	0	0.0	0.0	0.0	10.0	10.0	-3.0	0	12	0	1	0	0	682.3720653	1362.729578	79.41947	-.YGFIEGNVVIPR.-	sp|P15379|CD44_MOUSE	-0.046990117983434	0.7898832684824902	0.7898832684824902	1.0
2023_05_31_mouse_tcell_0pt3FC+PRTC_100fmol_100ng_60k_PRM_50cm_wtrap_01.mzml:1347.5825:EKQDEQVGLPGK+2	1	10080	3.8740566	0.056562208	0.30031168	3.8740566	3.5780997	0.9987422	0.5052387	1	0	0.19370764	0.14528073	0.0	10.0	10.0	-3.0	1	12	0	1	0	0	664.3462493	1326.677946	22.45971	-.EKQDEQVGLPGK.-	sp|Q01320|TOP2A_MOUSE	-0.047833220378536	0.8687258687258688	0.8620689655172413	1.0
2023_05_31_mouse_tcell_0pt3FC+PRTC_100fmol_100ng_60k_PRM_50cm_wtrap_01.mzml:2305.662:ENSSFSLAGNQQTR+2	1	17162	0.0	-0.005465194	0.1841022	0.0	0.0	0.12881249	0.06485708	0	0	0.0	0.0	0.0	10.0	10.0	-2.3765442	0	14	0	1	0	0	769.8633253	1537.712098	38.4277	-.ENSSFSLAGNQQTR.-	sp|O35892|SP100_MOUSE	-0.047878337451332	0.8620689655172413	0.8620689655172413	1.0
2023_05_31_mouse_tcell_0pt3FC+PRTC_100fmol_100ng_60k_PRM_50cm_wtrap_01.mzml:3738.2803:AGC[+57.0214635]QVVAPSDMMDGRVEAIK+3	1	27745	0.0	-0.001061162	-0.013393501	0.0	0.0	0.12159994	0.06121037	0	0	0.0	0.0	0.0	10.0	10.0	-3.0	1	20	0	0	1	0	712.0078374	2133.001683	62.304672	-.AGC[+57.0214635]QVVAPSDMMDGRVEAIK.-	sp|P10518|HEM2_MOUSE	-0.047915140123826	0.8631178707224335	0.8631178707224335	1.0
2023_05_31_mouse_tcell_0pt3FC+PRTC_100fmol_100ng_60k_PRM_50cm_wtrap_01.mzml:2974.5408:QILGVIDK+2	1	22105	4.268264	0.065839514	0.20095909	4.268264	3.9688594	0.89187586	0.44761014	1	0	0.4586985	-0.34402388	0.12668	0.20495199	0.20495199	-2.432934	0	8	0	1	0	0	443.2738358	884.5331187	49.57568	-.QILGVIDK.-	sp|Q60865|CAPR1_MOUSE	-0.050782301121808	0.9471698113207547	0.9471698113207547	1.0
