id	Label	ScanNr	primary	xCorrLib	xCorrModel	LogDotProduct	logWeightedDotProduct	sumOfSquaredErrors	weightedSumOfSquaredErrors	numberOfMatchingPeaks	numberOfMatchingPeaksAboveThreshold	averageAbsFragmentDeltaMass	averageFragmentDeltaMasses	isotopeDotProduct	averageAbsParentDeltaMass	averageParentDeltaMass	eValue	numMissedCleavage	pepLength	charge1	charge2	charge3	charge4	precursorMz	precursorMass	RTinMin	sequence	Proteins	score	pyIsoPEP FDR	pyIsoPEP q-value from FDR	pyIsoPEP PEP
2023_05_31_mouse_tcell_30FC+PRTC_100fmol_100ng_60k_PRM_50cm_wtrap_01.mzml:1650.0702:ESTDVEPGVGR+2	1	12317	11.291213	1.4599702	1.8164588	5.7314496	5.296541	0.001402522	0.000596	9	2	0.6735322	0.5051491	0.0	10.0	10.0	14.291561	0	11	0	1	0	0	573.2752923	1144.536032	27.50117	-.ESTDVEPGVGR.-	sp|Q8C147|DOCK8_MOUSE	0.018042803978984	0.3333333333333333	0.004784688995215311	0.0
2023_05_31_mouse_tcell_30FC+PRTC_100fmol_100ng_60k_PRM_50cm_wtrap_01.mzml:1196.9084:KSC[+57.0214635]C[+57.0214635]SC[+57.0214635]C[+57.0214635]PVGC[+57.0214635]SK+2	1	8967	10.457294	1.9159046	2.342841	4.897531	4.6063766	0.003035767	0.001552795	9	9	1.6275514	-0.96601844	0.0	10.0	10.0	4.5549693	1	13	0	1	0	0	795.3035073	1588.592462	19.948475	-.KSC[+57.0214635]C[+57.0214635]SC[+57.0214635]C[+57.0214635]PVGC[+57.0214635]SK.-	sp|P02802|MT1_MOUSE	0.016634518811039	0.2	0.004784688995215311	0.0
2023_05_31_mouse_tcell_30FC+PRTC_100fmol_100ng_60k_PRM_50cm_wtrap_01.mzml:4855.586:DSC[+57.0214635]NGDSGSPLLC[+57.0214635]DGILR+2	1	36003	11.862047	2.307725	2.8773	5.3022842	5.0043917	0.002544992	0.001281722	10	10	0.69773394	-0.46954817	0.681917	0.40956262	0.40956262	-0.5344882	0	18	0	1	0	0	968.4303893	1934.846226	80.92643	-.DSC[+57.0214635]NGDSGSPLLC[+57.0214635]DGILR.-	sp|P11032|GRAA_MOUSE	0.013746186337516	0.14285714285714285	0.004784688995215311	0.0
2023_05_31_mouse_tcell_30FC+PRTC_100fmol_100ng_60k_PRM_50cm_wtrap_01.mzml:1826.8142:VETQNPSLSSPETK+2	1	13624	11.979828	1.4762957	1.7315779	5.420065	5.121417	0.002292675	0.001152642	10	1	0.9661102	0.45723465	0.7604771	2.497205	-2.497205	4.2371697	0	14	0	1	0	0	758.8781098	1515.741667	30.446903	-.VETQNPSLSSPETK.-	sp|E9Q394|AKP13_MOUSE	0.013746077222572	0.1111111111111111	0.004784688995215311	0.0
2023_05_31_mouse_tcell_30FC+PRTC_100fmol_100ng_60k_PRM_50cm_wtrap_01.mzml:3241.1685:VFPNGLASQEGTIQK+2	1	24080	9.577208	1.2581928	1.3140098	4.9716873	4.680533	0.001520189	0.000778	8	3	0.88616675	-0.577569	0.0	10.0	10.0	1.8755441	0	15	0	1	0	0	794.9201128	1587.825673	54.019474	-.VFPNGLASQEGTIQK.-	sp|O54824|IL16_MOUSE	0.0129735588183579	0.09090909090909091	0.004784688995215311	0.0
2023_05_31_mouse_tcell_30FC+PRTC_100fmol_100ng_60k_PRM_50cm_wtrap_01.mzml:4582.093:ATYSTNSPVWEEAFR+2	1	33986	11.034476	2.0061142	2.2228696	5.474713	5.1767125	0.005007583	0.002521317	9	9	1.1188699	-0.83915246	0.93699086	2.7402349	-0.44203866	-0.96169734	0	15	0	1	0	0	879.4101043	1756.805656	76.36821	-.ATYSTNSPVWEEAFR.-	sp|Q3U7R1|ESYT1_MOUSE	0.0127343744563729	0.07692307692307693	0.004784688995215311	0.0
2023_05_31_mouse_tcell_30FC+PRTC_100fmol_100ng_60k_PRM_50cm_wtrap_01.mzml:3382.1453:GINSNNLESQLQATQAAR+2	1	25122	12.180579	0.7124113	0.89609504	5.6208158	5.327853	0.001267826	0.000646	10	0	0.33505213	-0.06915627	0.99590504	3.6663296	1.8743361	-1.2060924	0	18	0	1	0	0	957.9850348	1913.955517	56.369087	-.GINSNNLESQLQATQAAR.-	sp|P52293|IMA1_MOUSE	0.0120468904192919	0.06666666666666667	0.004784688995215311	0.0
2023_05_31_mouse_tcell_30FC+PRTC_100fmol_100ng_60k_PRM_50cm_wtrap_01.mzml:1625.1964:MAELC[+57.0214635]DSPREQDSESR+3	1	12133	11.75091	1.879409	1.23392	5.1911464	4.8917418	0.003151711	0.001581765	10	4	1.5114326	-0.80564594	0.0	10.0	10.0	-0.7018838	1	16	0	0	1	0	637.2720064	1908.79419	27.086607	-.MAELC[+57.0214635]DSPREQDSESR.-	sp|O89110|CASP8_MOUSE	0.011379397034077	0.058823529411764705	0.004784688995215311	0.0
2023_05_31_mouse_tcell_30FC+PRTC_100fmol_100ng_60k_PRM_50cm_wtrap_01.mzml:1257.1512:AAADDGEEPKSEPETK+3	1	9412	12.477168	1.8829256	2.2854314	5.9174047	5.61962	0.004271172	0.002151603	10	4	0.37099084	-0.11590111	0.98879504	2.5887716	1.5087072	2.2179513	1	16	0	0	1	0	558.5882064	1672.74279	20.95252	-.AAADDGEEPKSEPETK.-	sp|P28352|APEX1_MOUSE	0.0111617024721569	0.05263157894736842	0.004784688995215311	0.0
2023_05_31_mouse_tcell_30FC+PRTC_100fmol_100ng_60k_PRM_50cm_wtrap_01.mzml:2488.9202:SENVEGTPAEDGAEPGSLR+2	1	18519	11.95639	1.8535441	3.7167575	6.3966274	6.103665	0.003440789	0.001752652	9	7	0.4168793	-0.29892153	0.9977901	3.2163155	3.0302932	-1.0371199	0	19	0	1	0	0	957.9374158	1913.860279	41.482002	-.SENVEGTPAEDGAEPGSLR.-	sp|Q01320|TOP2A_MOUSE	0.0107715167269299	0.047619047619047616	0.004784688995215311	0.0
2023_05_31_mouse_tcell_30FC+PRTC_100fmol_100ng_60k_PRM_50cm_wtrap_01.mzml:4958.0625:SGEYSC[+57.0214635]IFLPEPVGR+2	1	36759	11.379778	1.949101	2.2664137	5.820014	5.5220137	0.004985023	0.002509959	9	9	0.79234165	0.13061488	0.9856462	1.679768	1.6702813	-1.3638728	0	15	0	1	0	0	855.9114258	1709.808299	82.63438	-.SGEYSC[+57.0214635]IFLPEPVGR.-	sp|P18572|BASI_MOUSE	0.0107189516316849	0.043478260869565216	0.004784688995215311	0.0
2023_05_31_mouse_tcell_30FC+PRTC_100fmol_100ng_60k_PRM_50cm_wtrap_01.mzml:1345.1652:GKVEADEEPSAVR+2	1	10063	11.078415	2.038397	2.9624343	5.518651	5.22065	0.000777	0.000391	9	8	0.39749184	0.2583741	0.0	10.0	10.0	-0.13040733	1	13	0	1	0	0	693.8466128	1385.678673	22.41942	-.GKVEADEEPSAVR.-	sp|E9PVX6|KI67_MOUSE	0.01030243795575	0.04	0.004784688995215311	0.0
2023_05_31_mouse_tcell_30FC+PRTC_100fmol_100ng_60k_PRM_50cm_wtrap_01.mzml:3295.6824:NSTEC[+57.0214635]TLILTEGDSAK+2	1	24483	12.502995	2.324378	3.0430562	5.9432316	5.6456623	0.001300481	0.000655	10	10	1.0464444	0.7848333	0.9377859	1.4721379	0.8637924	-1.853472	0	16	0	1	0	0	869.9118243	1737.809096	54.92804	-.NSTEC[+57.0214635]TLILTEGDSAK.-	sp|Q01320|TOP2A_MOUSE	0.0102470565996319	0.037037037037037035	0.004784688995215311	0.0
2023_05_31_mouse_tcell_30FC+PRTC_100fmol_100ng_60k_PRM_50cm_wtrap_01.mzml:4941.2847:AILVDLEPGTMDSVR+2	1	36635	13.209128	1.9930172	2.6205451	6.649365	6.351688	0.00191596	0.000965	10	8	0.40960327	0.30720246	0.92601895	4.775856	3.517495	-1.141228	0	15	0	1	0	0	808.4216308	1614.828709	82.354744	-.AILVDLEPGTMDSVR.-	sp|P99024|TBB5_MOUSE;sp|Q7TMM9|TBB2A_MOUSE;sp|Q9CWF2|TBB2B_MOUSE;sp|Q9ERD7|TBB3_MOUSE	0.00996648925224	0.034482758620689655	0.004784688995215311	0.0
2023_05_31_mouse_tcell_30FC+PRTC_100fmol_100ng_60k_PRM_50cm_wtrap_01.mzml:1303.2684:AAATPESQEPQAK+2	1	9753	9.102726	1.9749141	2.7959487	5.4002957	5.08464	0.014768127	0.006542397	7	4	0.8350614	-0.23039734	0.8053167	2.2861035	2.2861035	2.0724196	0	13	0	1	0	0	664.3280568	1326.641561	21.72114	-.AAATPESQEPQAK.-	sp|P28667|MRP_MOUSE	0.009765656453541	0.03225806451612903	0.004784688995215311	0.0
2023_05_31_mouse_tcell_30FC+PRTC_100fmol_100ng_60k_PRM_50cm_wtrap_01.mzml:1360.1879:GDSVSDNGSEAVR+2	1	10174	10.176158	1.6097009	2.6508157	5.570637	5.2311516	0.01098417	0.003906753	8	6	0.69274193	0.51955646	0.8328535	0.07529994	0.07529994	5.437251	0	13	0	1	0	0	646.7892943	1291.564036	22.669798	-.GDSVSDNGSEAVR.-	sp|Q61823|PDCD4_MOUSE	0.0095775657348429	0.030303030303030304	0.004784688995215311	0.0
2023_05_31_mouse_tcell_30FC+PRTC_100fmol_100ng_60k_PRM_50cm_wtrap_01.mzml:4655.151:AVLVDLEPGTMDSVR+2	1	34525	13.142347	1.9454948	3.0903552	6.5825834	6.284583	0.001533042	0.000772	10	7	0.56710654	-0.3680604	0.99500954	3.6203592	2.6452334	-0.8122735	0	15	0	1	0	0	801.4138058	1600.813059	77.585846	-.AVLVDLEPGTMDSVR.-	sp|P68372|TBB4B_MOUSE;sp|Q9D6F9|TBB4A_MOUSE	0.009405556267844	0.02857142857142857	0.004784688995215311	0.0
2023_05_31_mouse_tcell_30FC+PRTC_100fmol_100ng_60k_PRM_50cm_wtrap_01.mzml:1325.3069:ESKDPADETEAD+2	1	9916	10.894398	1.7364666	2.4171345	6.2888765	5.9908757	0.004939497	0.002487037	8	1	0.9949147	0.746186	0.977756	3.7212503	3.7212503	-0.28161526	1	12	0	1	0	0	653.7676938	1305.520835	22.088448	-.ESKDPADETEAD.-	sp|P54227|STMN1_MOUSE	0.009283828313101	0.02702702702702703	0.004784688995215311	0.0
2023_05_31_mouse_tcell_30FC+PRTC_100fmol_100ng_60k_PRM_50cm_wtrap_01.mzml:4544.5186:GQNEDPGSLLTQFR+2	1	33709	11.747324	1.9504051	2.8928692	6.187561	5.889884	0.003490449	0.00175875	9	8	0.8497518	-0.63731384	0.991371	3.1133385	1.9533476	-1.2432384	0	14	0	1	0	0	781.3838943	1560.753236	75.741974	-.GQNEDPGSLLTQFR.-	sp|P10852|4F2_MOUSE	0.0091224847493979	0.02564102564102564	0.004784688995215311	0.0
2023_05_31_mouse_tcell_30FC+PRTC_100fmol_100ng_60k_PRM_50cm_wtrap_01.mzml:1310.2825:SC[+57.0214635]C[+57.0214635]SC[+57.0214635]C[+57.0214635]PVGC[+57.0214635]SK+2	1	9805	12.365192	2.075318	2.7771094	6.805429	6.507536	0.001135559	0.000572	9	7	1.1063704	0.82977784	0.9397843	1.9596035	1.3525412	-0.22594762	0	12	0	1	0	0	731.2560258	1460.497499	21.838041	-.SC[+57.0214635]C[+57.0214635]SC[+57.0214635]C[+57.0214635]PVGC[+57.0214635]SK.-	sp|P02802|MT1_MOUSE	0.0091080171325279	0.024390243902439025	0.004784688995215311	0.0
2023_05_31_mouse_tcell_30FC+PRTC_100fmol_100ng_60k_PRM_50cm_wtrap_01.mzml:3376.338:FTSFSVYC[+57.0214635]SR+2	1	25079	9.865572	1.1987783	1.3439059	5.2600517	4.9608636	0.028401107	0.014260908	8	1	1.2648138	-0.9486103	0.0	10.0	10.0	4.056796	0	10	0	1	0	0	627.2846013	1252.55465	56.272297	-.FTSFSVYC[+57.0214635]SR.-	sp|P13864|DNMT1_MOUSE	0.0090592998486319	0.023255813953488372	0.004784688995215311	0.0
2023_05_31_mouse_tcell_30FC+PRTC_100fmol_100ng_60k_PRM_50cm_wtrap_01.mzml:4138.325:ELILFSNSDNER+2	1	30710	12.604088	2.2077453	2.4529686	6.044324	5.7459626	0.001538137	0.000778	10	9	0.8788655	0.6591491	0.97899795	2.9982173	2.494026	-1.5812058	0	12	0	1	0	0	718.8544368	1435.694321	68.972084	-.ELILFSNSDNER.-	sp|Q01320|TOP2A_MOUSE;sp|Q64511|TOP2B_MOUSE	0.0090526741212139	0.022222222222222223	0.004784688995215311	0.0
2023_05_31_mouse_tcell_30FC+PRTC_100fmol_100ng_60k_PRM_50cm_wtrap_01.mzml:2524.091:AIGNIVTGTDEQTQK+2	1	18779	12.584846	2.0958698	3.1268976	6.025082	5.7277284	0.002383653	0.001201957	10	7	0.3814099	0.250084	0.9438452	0.8557786	-0.8557786	-1.4368811	0	15	0	1	0	0	787.9046603	1573.794768	42.068184	-.AIGNIVTGTDEQTQK.-	sp|P52293|IMA1_MOUSE	0.0090281136692529	0.02127659574468085	0.004784688995215311	0.0
2023_05_31_mouse_tcell_30FC+PRTC_100fmol_100ng_60k_PRM_50cm_wtrap_01.mzml:3464.841:MIEEAGAIISTR+2	1	25733	9.052881	1.6712484	1.847266	5.3504505	5.0555654	0.021614142	0.010961073	7	7	1.5676624	-0.8397355	0.0	10.0	10.0	3.1965456	0	12	0	1	0	0	645.8397453	1289.664938	57.747353	-.MIEEAGAIISTR.-	sp|Q91V12|BACH_MOUSE	0.0089420604442169	0.02040816326530612	0.004784688995215311	0.0
2023_05_31_mouse_tcell_30FC+PRTC_100fmol_100ng_60k_PRM_50cm_wtrap_01.mzml:2575.6218:LLTTQSEDTQGPGLK+2	1	19160	10.62248	1.7820439	2.9076073	6.01696	5.7258058	0.003134732	0.001603416	8	8	0.5815381	0.39877447	0.9972154	4.047314	4.047314	-1.0335064	0	15	0	1	0	0	794.4148608	1586.815169	42.92703	-.LLTTQSEDTQGPGLK.-	sp|O54824|IL16_MOUSE	0.00886823553795	0.0196078431372549	0.004784688995215311	0.0
2023_05_31_mouse_tcell_30FC+PRTC_100fmol_100ng_60k_PRM_50cm_wtrap_01.mzml:4591.8574:ELEEIVQPIISK+2	1	34058	13.100609	2.1656415	2.6359632	6.540846	6.2454257	0.003299998	0.001671449	10	8	0.985912	-0.739434	0.99608135	3.4274693	2.7880652	-1.3905623	0	12	0	1	0	0	699.3979498	1396.781347	76.53096	-.ELEEIVQPIISK.-	sp|P20029|BIP_MOUSE	0.0088166252927149	0.018867924528301886	0.004784688995215311	0.0
2023_05_31_mouse_tcell_30FC+PRTC_100fmol_100ng_60k_PRM_50cm_wtrap_01.mzml:3192.0735:YQEVTNNLEFAK+2	1	23717	12.597471	1.7518234	2.2337427	6.037708	5.7398148	0.005955625	0.002999402	10	6	0.316376	-0.23379792	0.96295565	2.1351075	0.84629506	-1.3964942	0	12	0	1	0	0	728.3593518	1454.704151	53.201225	-.YQEVTNNLEFAK.-	sp|Q60865|CAPR1_MOUSE	0.008627359846852	0.01818181818181818	0.004784688995215311	0.0
2023_05_31_mouse_tcell_30FC+PRTC_100fmol_100ng_60k_PRM_50cm_wtrap_01.mzml:1354.3767:VDQQVQDNENAPQR+2	1	10131	13.068936	1.8501185	3.6375134	6.509173	6.1916027	0.001876789	0.000905	10	7	0.8836641	0.66274804	0.9999698	3.6729338	3.097751	-0.23276591	0	14	0	1	0	0	820.8847898	1639.755027	22.572945	-.VDQQVQDNENAPQR.-	sp|E9PVX6|KI67_MOUSE	0.008400478609738	0.017543859649122806	0.004784688995215311	0.0
2023_05_31_mouse_tcell_30FC+PRTC_100fmol_100ng_60k_PRM_50cm_wtrap_01.mzml:4071.2246:FQSVESGANNVVFIR+2	1	30214	9.92532	1.3135694	1.4502763	5.3197985	5.021906	0.021534316	0.010845219	8	7	0.8935998	-0.14244127	0.0	10.0	10.0	-0.682168	0	15	0	1	0	0	833.9310108	1665.847469	67.853745	-.FQSVESGANNVVFIR.-	sp|Q99J36|THUM1_MOUSE	0.0083069560749409	0.01694915254237288	0.004784688995215311	0.0
2023_05_31_mouse_tcell_30FC+PRTC_100fmol_100ng_60k_PRM_50cm_wtrap_01.mzml:2313.4338:ENSSFSLAGNQQTR+2	1	17222	11.262119	1.6011692	2.466034	5.702356	5.4043555	0.000622	0.000313	9	8	0.8923988	0.13432711	0.8053025	4.0544276	4.0544276	-1.0694022	0	14	0	1	0	0	769.8633253	1537.712098	38.55723	-.ENSSFSLAGNQQTR.-	sp|O35892|SP100_MOUSE	0.00826096243667	0.01639344262295082	0.004784688995215311	0.0
2023_05_31_mouse_tcell_30FC+PRTC_100fmol_100ng_60k_PRM_50cm_wtrap_01.mzml:1998.4523:DPPGPQPQASSSIR+2	1	14893	9.640333	1.8604201	2.9855108	5.937902	5.6425886	0.003167522	0.001604746	7	6	0.41662192	0.31246644	0.9581806	3.5631914	2.4711356	-1.0745692	0	14	0	1	0	0	718.8600548	1435.705557	33.307537	-.DPPGPQPQASSSIR.-	sp|O54824|IL16_MOUSE	0.0080980903085499	0.015873015873015872	0.004784688995215311	0.0
2023_05_31_mouse_tcell_30FC+PRTC_100fmol_100ng_60k_PRM_50cm_wtrap_01.mzml:1964.4852:FSESTPMGTSR+2	1	14642	10.330242	1.9903373	2.34052	5.7247214	5.4258575	0.005455921	0.0027416	8	3	1.8225427	-1.366907	0.0	10.0	10.0	-0.8902261	0	11	0	1	0	0	600.2716953	1198.528838	32.74142	-.FSESTPMGTSR.-	sp|Q9JL26|FMNL1_MOUSE	0.008042339582712	0.015384615384615385	0.004784688995215311	0.0
2023_05_31_mouse_tcell_30FC+PRTC_100fmol_100ng_60k_PRM_50cm_wtrap_01.mzml:3765.8118:GQNEDPGSLLTQFRR+3	1	27957	10.196941	0.92050594	0.70520365	5.59142	5.28782	0.007749386	0.003185354	8	1	0.80347466	-0.42495447	0.89500374	3.982089	3.982089	0.06911945	1	15	0	0	1	0	573.2920587	1716.854347	62.76353	-.GQNEDPGSLLTQFRR.-	sp|P10852|4F2_MOUSE	0.0079893901982759	0.014925373134328358	0.004784688995215311	0.0
2023_05_31_mouse_tcell_30FC+PRTC_100fmol_100ng_60k_PRM_50cm_wtrap_01.mzml:2166.4155:VRPEIINESGNPSYK+3	1	16135	11.939943	1.8822365	2.1599169	5.3801804	5.0817485	0.001842731	0.000927	10	4	1.9405712	-1.4554284	0.9312377	0.61159176	0.61159176	-0.47551012	0	15	0	0	1	0	568.296806	1701.868589	36.106926	-.VRPEIINESGNPSYK.-	sp|Q9CQU0|TXD12_MOUSE	0.0076642957747719	0.014492753623188406	0.004784688995215311	0.0
2023_05_31_mouse_tcell_30FC+PRTC_100fmol_100ng_60k_PRM_50cm_wtrap_01.mzml:2956.1335:SQWEALC[+57.0214635]DSSAAR+2	1	21973	11.987722	1.6759756	1.8686432	5.4279585	5.1293106	0.002646727	0.001330642	10	7	1.7906631	0.9103604	0.0	10.0	10.0	-0.9459014	0	13	0	1	0	0	740.8278973	1479.641242	49.268894	-.SQWEALC[+57.0214635]DSSAAR.-	sp|P13379|CD5_MOUSE	0.007620749762366	0.014084507042253521	0.004784688995215311	0.0
2023_05_31_mouse_tcell_30FC+PRTC_100fmol_100ng_60k_PRM_50cm_wtrap_01.mzml:3836.6995:GPLTSC[+57.0214635]DFDLR+2	1	28481	10.165545	1.7697332	2.4541116	5.5600247	5.261053	0.002162531	0.001086402	8	7	0.19374883	-0.059774105	0.0	10.0	10.0	-0.9419408	0	11	0	1	0	0	640.8006203	1279.586688	63.944992	-.GPLTSC[+57.0214635]DFDLR.-	sp|Q8C147|DOCK8_MOUSE	0.0073453921061289	0.0136986301369863	0.004784688995215311	0.0
2023_05_31_mouse_tcell_30FC+PRTC_100fmol_100ng_60k_PRM_50cm_wtrap_01.mzml:2163.5774:EAESSPFVER+2	1	16114	12.272572	2.1499925	2.537995	6.7128077	6.4142675	0.002391563	0.001202657	9	6	0.36117163	0.27087873	0.9878761	4.4889846	4.4889846	-1.9737322	0	10	0	1	0	0	575.7723848	1149.530217	36.059624	-.EAESSPFVER.-	sp|P08113|ENPL_MOUSE	0.007280735266333	0.013333333333333334	0.004784688995215311	0.0
2023_05_31_mouse_tcell_30FC+PRTC_100fmol_100ng_60k_PRM_50cm_wtrap_01.mzml:1969.0979:VEIIANDQGNR+2	1	14676	13.920784	2.0940583	2.6450598	7.36102	7.0654926	0.001565915	0.000793	10	7	0.27358463	0.20518848	0.9992431	4.3444996	3.8490403	-1.5467134	0	11	0	1	0	0	614.8176583	1227.620764	32.8183	-.VEIIANDQGNR.-	sp|P16627|HS71L_MOUSE;sp|P17156|HSP72_MOUSE;sp|P17879|HS71B_MOUSE;sp|P20029|BIP_MOUSE;sp|P63017|HSP7C_MOUSE;sp|Q61696|HS71A_MOUSE	0.00719129759739	0.012987012987012988	0.004784688995215311	0.0
2023_05_31_mouse_tcell_30FC+PRTC_100fmol_100ng_60k_PRM_50cm_wtrap_01.mzml:3675.4924:KLAVNMVPFPR+3	1	27290	12.797628	1.5432317	1.5473949	6.2378654	5.9393253	0.001739378	0.000875	10	7	0.22115202	-0.16586402	0.99862117	4.9818053	4.3709903	-0.6606374	1	11	0	0	1	0	424.581276	1270.721999	61.258205	-.KLAVNMVPFPR.-	sp|A2AQ07|TBB1_MOUSE;sp|P68372|TBB4B_MOUSE;sp|P99024|TBB5_MOUSE;sp|Q7TMM9|TBB2A_MOUSE;sp|Q922F4|TBB6_MOUSE;sp|Q9CWF2|TBB2B_MOUSE;sp|Q9D6F9|TBB4A_MOUSE;sp|Q9ERD7|TBB3_MOUSE	0.007156334416086	0.012658227848101266	0.004784688995215311	0.0
2023_05_31_mouse_tcell_30FC+PRTC_100fmol_100ng_60k_PRM_50cm_wtrap_01.mzml:1834.7919:MAELC[+57.0214635]DSPR+2	1	13683	11.279348	1.8594264	1.982178	5.719585	5.4114914	0.002210319	0.001095932	9	4	0.17428853	0.019074105	0.0	10.0	10.0	-1.6438019	0	9	0	1	0	0	539.7364343	1077.458316	30.579865	-.MAELC[+57.0214635]DSPR.-	sp|O89110|CASP8_MOUSE	0.007060273644265	0.012345679012345678	0.004784688995215311	0.0
2023_05_31_mouse_tcell_30FC+PRTC_100fmol_100ng_60k_PRM_50cm_wtrap_01.mzml:2648.1343:NQLTSNPENTVFDAKR+3	1	19696	12.787422	1.9879153	3.1901684	6.2276583	5.931057	0.008836616	0.004463595	10	5	0.23427661	0.17570746	0.99806714	3.3641732	2.8530142	-1.0968261	1	16	0	0	1	0	611.9745064	1832.90169	44.13557	-.NQLTSNPENTVFDAKR.-	sp|P20029|BIP_MOUSE	0.006898083110637	0.012048192771084338	0.004784688995215311	0.0
2023_05_31_mouse_tcell_30FC+PRTC_100fmol_100ng_60k_PRM_50cm_wtrap_01.mzml:1539.2758:VGTQTFC[+57.0214635]SR+2	1	11498	11.405323	1.3336126	1.563685	5.84556	5.546588	0.001184173	0.000595	9	0	0.51909524	-0.34297875	0.9359777	5.7735705	-0.43258667	-1.4529476	0	9	0	1	0	0	528.2505668	1054.486581	25.654596	-.VGTQTFC[+57.0214635]SR.-	sp|Q3U7R1|ESYT1_MOUSE	0.0068733172485859	0.011764705882352941	0.004784688995215311	0.0
2023_05_31_mouse_tcell_30FC+PRTC_100fmol_100ng_60k_PRM_50cm_wtrap_01.mzml:3057.4517:EAAGEGPVLYEDPPDQK+2	1	22722	10.615217	1.7639188	3.5785801	6.009697	5.7127733	0.021014215	0.010606925	8	7	1.2778069	0.9583552	0.9950231	3.9186757	2.2630763	-1.0594151	0	17	0	1	0	0	907.9257848	1813.837017	50.957527	-.EAAGEGPVLYEDPPDQK.-	sp|P28352|APEX1_MOUSE	0.0068338741667049	0.011494252873563218	0.004784688995215311	0.0
2023_05_31_mouse_tcell_30FC+PRTC_100fmol_100ng_60k_PRM_50cm_wtrap_01.mzml:4833.091:ASGQAFELILSPR+2	1	35837	12.941029	2.0544462	2.7211359	6.381265	6.083588	0.001125364	0.000567	10	10	0.55871147	-0.099567264	0.95927435	1.7989843	0.67120475	-1.8516662	0	13	0	1	0	0	694.8802588	1387.745965	80.55151	-.ASGQAFELILSPR.-	sp|P54227|STMN1_MOUSE	0.0068106752564799	0.011235955056179775	0.004784688995215311	0.0
2023_05_31_mouse_tcell_30FC+PRTC_100fmol_100ng_60k_PRM_50cm_wtrap_01.mzml:1658.5874:DREC[+57.0214635]ESYFK+2	1	12380	10.212811	1.6632147	2.4412215	6.5103807	6.211517	0.00558162	0.002804764	7	4	0.8498242	0.63736814	0.9744434	3.1608963	2.782918	-1.4282258	1	9	0	1	0	0	617.2638658	1232.513179	27.643124	-.DREC[+57.0214635]ESYFK.-	sp|P04187|GRAB_MOUSE	0.0066681956490439	0.01098901098901099	0.004784688995215311	0.0
2023_05_31_mouse_tcell_30FC+PRTC_100fmol_100ng_60k_PRM_50cm_wtrap_01.mzml:3955.2278:IMNTFSVVPSPK+2	1	29357	13.59844	2.2446015	2.9156432	7.0386763	6.740568	0.009204996	0.004633565	10	7	0.6339213	0.475441	0.9986035	4.8131676	4.8131676	-2.0795002	0	12	0	1	0	0	660.3550308	1318.695509	65.92046	-.IMNTFSVVPSPK.-	sp|P68372|TBB4B_MOUSE;sp|P99024|TBB5_MOUSE;sp|Q9D6F9|TBB4A_MOUSE;sp|Q9ERD7|TBB3_MOUSE	0.0065262360683769	0.010752688172043012	0.004784688995215311	0.0
2023_05_31_mouse_tcell_30FC+PRTC_100fmol_100ng_60k_PRM_50cm_wtrap_01.mzml:1792.6239:FNAHGDANTIVC[+57.0214635]NTK+3	1	13371	13.431601	1.9998477	2.8623288	6.871837	6.574483	0.001298338	0.000655	10	2	0.3752607	0.21167418	0.9995274	3.8177526	3.6863148	-1.9834855	0	15	0	0	1	0	554.5948614	1660.762755	29.877066	-.FNAHGDANTIVC[+57.0214635]NTK.-	sp|P16045|LEG1_MOUSE	0.0061935740842959	0.010526315789473684	0.004784688995215311	0.0
2023_05_31_mouse_tcell_30FC+PRTC_100fmol_100ng_60k_PRM_50cm_wtrap_01.mzml:2656.3875:LQLVPGHEGLR+3	1	19757	12.384928	1.6480707	1.6735384	5.8251643	5.525976	0.001865753	0.000937	10	7	0.33005792	-0.011216484	0.9824911	5.3712063	4.180333	-1.3271627	0	11	0	0	1	0	406.9032954	1217.688057	44.273125	-.LQLVPGHEGLR.-	sp|P13379|CD5_MOUSE	0.005889402227048	0.010309278350515464	0.004784688995215311	0.0
2023_05_31_mouse_tcell_30FC+PRTC_100fmol_100ng_60k_PRM_50cm_wtrap_01.mzml:3934.629:VTSLTAC[+57.0214635]LVNQNLR+3	1	29205	13.443638	2.0394282	2.5458312	5.842482	5.5446973	0.002745047	0.001382817	11	10	0.7957456	-0.5968092	0.9350557	4.9532332	3.207476	-1.3794837	0	14	0	0	1	0	530.2873687	1587.840277	65.57715	-.VTSLTAC[+57.0214635]LVNQNLR.-	sp|P01831|THY1_MOUSE	0.005856915603781	0.010101010101010102	0.004784688995215311	0.0
2023_05_31_mouse_tcell_30FC+PRTC_100fmol_100ng_60k_PRM_50cm_wtrap_01.mzml:4575.4717:LAVNMVPFPR+2	1	33937	13.647714	1.9499114	2.3716106	7.08795	6.7934933	0.00094	0.000477	10	8	0.60909253	-0.44635847	0.9733486	2.5034256	1.6389561	-1.0473752	0	10	0	1	0	0	572.3207943	1142.627036	76.25786	-.LAVNMVPFPR.-	sp|A2AQ07|TBB1_MOUSE;sp|P68372|TBB4B_MOUSE;sp|P99024|TBB5_MOUSE;sp|Q7TMM9|TBB2A_MOUSE;sp|Q922F4|TBB6_MOUSE;sp|Q9CWF2|TBB2B_MOUSE;sp|Q9D6F9|TBB4A_MOUSE;sp|Q9ERD7|TBB3_MOUSE	0.00585401707036	0.009900990099009901	0.004784688995215311	0.0
2023_05_31_mouse_tcell_30FC+PRTC_100fmol_100ng_60k_PRM_50cm_wtrap_01.mzml:5610.4175:VLEVPPIVYLR+2	1	41564	7.6075354	1.4970801	1.3106092	5.528354	5.229166	0.022234323	0.011164408	5	5	0.42906737	-0.15469752	0.95374584	2.5352008	1.7352588	-1.0749826	0	11	0	1	0	0	649.3975518	1296.780551	93.50696	-.VLEVPPIVYLR.-	sp|Q91V12|BACH_MOUSE	0.005676983484914	0.009708737864077669	0.004784688995215311	0.0
2023_05_31_mouse_tcell_30FC+PRTC_100fmol_100ng_60k_PRM_50cm_wtrap_01.mzml:2738.7603:LLEFQNDR+2	1	20366	10.880857	1.6580215	2.0031998	6.275337	5.970982	0.00977873	0.004886481	8	5	0.30444807	0.17148341	0.98586726	4.2967825	4.2967825	-0.9601364	0	8	0	1	0	0	517.7669058	1033.519259	45.646004	-.LLEFQNDR.-	sp|P29391|FRIL1_MOUSE	0.005409054889681	0.009523809523809525	0.004784688995215311	0.0
2023_05_31_mouse_tcell_30FC+PRTC_100fmol_100ng_60k_PRM_50cm_wtrap_01.mzml:4175.029:TNIIPVIEDAR+2	1	30981	12.016409	1.5303974	1.9083598	6.456646	5.9838457	0.004217971	0.00142005	9	5	0.35544682	0.035828453	0.94289225	2.7007291	2.0747964	-1.4769111	0	11	0	1	0	0	620.8484273	1239.682302	69.58382	-.TNIIPVIEDAR.-	sp|P35550|FBRL_MOUSE	0.0052773174378429	0.009345794392523364	0.004784688995215311	0.0
2023_05_31_mouse_tcell_30FC+PRTC_100fmol_100ng_60k_PRM_50cm_wtrap_01.mzml:4175.029:TNIIPVLEDAR+2	1	30981	12.016409	1.5303974	1.9083598	6.456646	5.9838457	0.004217971	0.00142005	9	5	0.35544682	0.035828453	0.94289225	2.7007291	2.0747964	-1.4769111	0	11	0	1	0	0	620.8484273	1239.682302	69.58382	-.TNIIPVLEDAR.-	sp|Q80WS3|FBLL1_MOUSE	0.0052773174378429	0.009174311926605505	0.004784688995215311	0.0
2023_05_31_mouse_tcell_30FC+PRTC_100fmol_100ng_60k_PRM_50cm_wtrap_01.mzml:1204.2303:KTTGAAQEEDAC[+57.0214635]SC[+57.0214635]R+3	1	9021	8.257338	1.0386299	1.460718	4.5549064	4.2559342	0.028772878	0.014454774	7	7	2.2557697	-1.6918273	0.0	10.0	10.0	1.8316598	1	15	0	0	1	0	561.9068884	1682.698836	20.070505	-.KTTGAAQEEDAC[+57.0214635]SC[+57.0214635]R.-	sp|P20334|TNR9_MOUSE	0.0052339476864499	0.009009009009009009	0.004784688995215311	0.0
2023_05_31_mouse_tcell_30FC+PRTC_100fmol_100ng_60k_PRM_50cm_wtrap_01.mzml:2398.7888:FLYDDNQR+2	1	17853	10.301685	1.1019274	1.4199511	5.696165	5.3966527	0.007334577	0.003680124	8	2	1.2220601	-0.91654503	0.93081623	3.5288396	0.4352206	-0.61990833	0	8	0	1	0	0	535.7487088	1069.482865	39.979813	-.FLYDDNQR.-	sp|Q01320|TOP2A_MOUSE;sp|Q64511|TOP2B_MOUSE	0.0051439360064579	0.008849557522123894	0.004784688995215311	0.0
2023_05_31_mouse_tcell_30FC+PRTC_100fmol_100ng_60k_PRM_50cm_wtrap_01.mzml:5271.0947:RPPGPPLPVTTDLAL+2	1	39066	6.3353815	1.4637738	0.8781959	4.95517	4.657062	0.051941745	0.026146177	4	4	1.2503444	-0.93775827	0.9783356	2.7705529	2.7705529	-1.2743025	0	15	0	1	0	0	772.4457668	1542.876981	87.85158	-.RPPGPPLPVTTDLAL.-	sp|Q9JL26|FMNL1_MOUSE	0.0050910675344069	0.008695652173913044	0.004784688995215311	0.0
2023_05_31_mouse_tcell_30FC+PRTC_100fmol_100ng_60k_PRM_50cm_wtrap_01.mzml:2836.385:SGYLLPDTK+2	1	21088	13.277262	1.9595317	2.2903042	6.717499	6.4185266	0.005339031	0.002682196	10	5	0.47539178	0.35654384	0.9874462	3.0000715	3.0000715	-1.0645957	0	9	0	1	0	0	497.2662033	992.5178537	47.273083	-.SGYLLPDTK.-	sp|P08113|ENPL_MOUSE	0.0050493900679479	0.008547008547008548	0.004784688995215311	0.0
2023_05_31_mouse_tcell_30FC+PRTC_100fmol_100ng_60k_PRM_50cm_wtrap_01.mzml:2025.7686:YVVVSTPEK+2	1	15095	10.633526	1.5115898	1.8366476	6.0280046	5.735788	0.008385793	0.00427885	8	5	0.61128193	-0.4495512	0.98623246	3.3387177	2.369929	-1.0232239	0	9	0	1	0	0	511.2818533	1020.549154	33.76281	-.YVVVSTPEK.-	sp|P18572|BASI_MOUSE	0.0050190764865759	0.008403361344537815	0.004784688995215311	0.0
2023_05_31_mouse_tcell_30FC+PRTC_100fmol_100ng_60k_PRM_50cm_wtrap_01.mzml:1617.214:YGC[+57.0214635]EGPSHGGLPGASSEK+3	1	12074	8.68194	1.14655	0.89636034	4.979509	4.683659	0.036780104	0.018610733	7	2	1.8517858	-0.29517582	0.0	10.0	10.0	1.521986	0	18	0	0	1	0	597.265178	1788.773705	26.953566	-.YGC[+57.0214635]EGPSHGGLPGASSEK.-	sp|Q9WTK5|NFKB2_MOUSE	0.0049388879613409	0.008264462809917356	0.004784688995215311	0.0
2023_05_31_mouse_tcell_30FC+PRTC_100fmol_100ng_60k_PRM_50cm_wtrap_01.mzml:4521.3633:TFSNDIMLLK+2	1	33538	12.452406	1.6127522	1.9975656	6.892642	6.5941024	0.007172444	0.003606843	9	2	0.72554284	0.54415715	0.95892227	2.6130342	2.1377213	-1.6081445	0	10	0	1	0	0	591.3153743	1180.616196	75.35606	-.TFSNDIMLLK.-	sp|P04187|GRAB_MOUSE	0.0048810873453909	0.008130081300813009	0.004784688995215311	0.0
2023_05_31_mouse_tcell_30FC+PRTC_100fmol_100ng_60k_PRM_50cm_wtrap_01.mzml:3128.0745:IC[+57.0214635]DFGLAR+2	1	23244	10.61636	1.6858685	1.7890676	6.0108395	5.7113266	0.008277472	0.004153221	8	4	0.93207425	-0.6990557	0.0	10.0	10.0	-0.8751154	0	8	0	1	0	0	476.2394703	950.4643877	52.134575	-.IC[+57.0214635]DFGLAR.-	sp|O54949|NLK_MOUSE;sp|P05532|KIT_MOUSE;sp|P05622|PGFRB_MOUSE;sp|P26618|PGFRA_MOUSE;sp|P35917|VGFR3_MOUSE;sp|P35918|VGFR2_MOUSE;sp|P35969|VGFR1_MOUSE;sp|P63085|MK01_MOUSE;sp|Q00342|FLT3_MOUSE;sp|Q63844|MK03_MOUSE	0.0048504865571949	0.008	0.004784688995215311	0.0
2023_05_31_mouse_tcell_30FC+PRTC_100fmol_100ng_60k_PRM_50cm_wtrap_01.mzml:3195.0442:IVAPGKGILAADESTGSIAK+3	1	23739	13.09869	2.0037782	3.7118583	6.538927	6.2429705	0.003551687	0.001796709	10	6	0.23665564	-0.08079763	0.9982492	2.8482103	2.8340037	-2.2293453	1	20	0	0	1	0	633.3579577	1897.052044	53.250736	-.IVAPGKGILAADESTGSIAK.-	sp|P05064|ALDOA_MOUSE	0.004771433428723	0.007874015748031496	0.004784688995215311	0.0
2023_05_31_mouse_tcell_30FC+PRTC_100fmol_100ng_60k_PRM_50cm_wtrap_01.mzml:2730.1155:ADDGRPFPQVIK+3	1	20302	13.680986	1.9079223	1.8119704	7.1212234	6.8231153	0.011007802	0.005541051	10	1	1.0934616	0.82009625	0.99966156	4.2165213	3.9483807	-2.1704988	0	12	0	0	1	0	448.2419767	1341.704101	45.501926	-.ADDGRPFPQVIK.-	sp|P05064|ALDOA_MOUSE	0.0046617705972649	0.007751937984496124	0.004784688995215311	0.0
2023_05_31_mouse_tcell_30FC+PRTC_100fmol_100ng_60k_PRM_50cm_wtrap_01.mzml:4657.199:YGFIEGNVVIPR+2	1	34540	8.970428	1.607271	1.9962721	5.267998	4.969674	0.019950313	0.010037502	7	7	1.264834	0.7689333	0.0	10.0	10.0	-1.2573929	0	12	0	1	0	0	682.3720653	1362.729578	77.61999	-.YGFIEGNVVIPR.-	sp|P15379|CD44_MOUSE	0.0045695104470179	0.007633587786259542	0.004784688995215311	0.0
2023_05_31_mouse_tcell_30FC+PRTC_100fmol_100ng_60k_PRM_50cm_wtrap_01.mzml:3406.2249:SKESVPDFPLSPPK+3	1	25300	13.073105	1.7326415	2.446305	6.5133414	6.208521	0.005274238	0.002524212	10	7	0.5815804	0.4361853	0.9651781	2.928957	2.7698028	-1.7266676	1	14	0	0	1	0	509.9399627	1526.798059	56.770412	-.SKESVPDFPLSPPK.-	sp|P54227|STMN1_MOUSE	0.004401588270428	0.007518796992481203	0.004784688995215311	0.0
2023_05_31_mouse_tcell_30FC+PRTC_100fmol_100ng_60k_PRM_50cm_wtrap_01.mzml:3583.218:DLSLEEIQK+2	1	26608	10.818577	1.8028674	2.153684	6.213056	5.9136515	0.005283709	0.002651761	8	5	1.7184839	1.288863	0.9904301	5.2669454	4.0913386	-1.5360475	0	9	0	1	0	0	537.7875038	1073.560455	59.7203	-.DLSLEEIQK.-	sp|P54227|STMN1_MOUSE;sp|P55821|STMN2_MOUSE	0.0042117306381489	0.007407407407407408	0.004784688995215311	0.0
2023_05_31_mouse_tcell_30FC+PRTC_100fmol_100ng_60k_PRM_50cm_wtrap_01.mzml:3652.9019:IFIIQAC[+57.0214635]R+2	1	27123	11.588035	1.7569338	1.8751062	6.028271	5.5580435	0.004561628	0.001544871	9	7	0.97545034	0.73158777	0.861866	3.0524764	-3.0524764	-1.4178734	0	8	0	1	0	0	510.7865878	1019.558623	60.8817	-.IFIIQAC[+57.0214635]R.-	sp|O08738|CASP6_MOUSE	0.0035778803353169	0.0072992700729927005	0.004784688995215311	0.0
2023_05_31_mouse_tcell_30FC+PRTC_100fmol_100ng_60k_PRM_50cm_wtrap_01.mzml:3652.9019:LFIIQAC[+57.0214635]R+2	1	27123	11.588444	1.7569338	1.8751062	6.028681	5.558453	0.004523983	0.001532122	9	7	0.97545034	0.73158777	0.861866	3.0524764	-3.0524764	-1.4267828	0	8	0	1	0	0	510.7865878	1019.558623	60.8817	-.LFIIQAC[+57.0214635]R.-	sp|P70677|CASP3_MOUSE	0.003573580537968	0.007194244604316547	0.004784688995215311	0.0
2023_05_31_mouse_tcell_30FC+PRTC_100fmol_100ng_60k_PRM_50cm_wtrap_01.mzml:1409.8021:EGVKFDESEK+2	1	10541	7.250287	0.95713645	1.2482426	5.171106	4.872242	0.02491655	0.012520567	5	1	1.8288263	-1.0130152	0.838104	4.3642855	-4.3642855	-1.4502172	1	10	0	1	0	0	584.2800428	1166.545533	23.496702	-.EGVKFDESEK.-	sp|P08113|ENPL_MOUSE	0.003481802102197	0.0070921985815602835	0.004784688995215311	0.0
2023_05_31_mouse_tcell_30FC+PRTC_100fmol_100ng_60k_PRM_50cm_wtrap_01.mzml:3769.7197:FLLNNEIPK+2	1	27986	9.0745945	1.3122051	1.8340914	5.3721633	5.068484	0.014884205	0.007137288	7	3	1.6019622	-0.83668673	0.45616046	5.3800225	5.3800225	-0.7826853	0	9	0	1	0	0	544.3109488	1086.607345	62.828663	-.FLLNNEIPK.-	sp|O89110|CASP8_MOUSE	0.0032744217804379	0.006993006993006993	0.004784688995215311	0.0
2023_05_31_mouse_tcell_30FC+PRTC_100fmol_100ng_60k_PRM_50cm_wtrap_01.mzml:1717.5627:NMMAAC[+57.0214635]DPR+2	1	12816	12.242067	1.5809519	1.9008155	6.6823034	6.383548	0.032987386	0.016580284	9	2	0.44401875	0.26544794	0.96853346	3.331985	3.331985	-1.0560355	0	9	0	1	0	0	533.2173548	1064.420157	28.626045	-.NMMAAC[+57.0214635]DPR.-	sp|P68372|TBB4B_MOUSE;sp|P99024|TBB5_MOUSE;sp|Q7TMM9|TBB2A_MOUSE;sp|Q922F4|TBB6_MOUSE;sp|Q9CWF2|TBB2B_MOUSE;sp|Q9D6F9|TBB4A_MOUSE;sp|Q9ERD7|TBB3_MOUSE	0.0030917018434459	0.006896551724137931	0.004784688995215311	0.0
2023_05_31_mouse_tcell_30FC+PRTC_100fmol_100ng_60k_PRM_50cm_wtrap_01.mzml:2861.718:GILAADESTGSIAK+2	1	21275	14.26409	1.8001357	3.1440065	7.704326	7.406757	0.000755	0.000381	10	5	2.800554	2.1004155	0.9995585	4.210392	4.210392	0.066022396	0	14	0	1	0	0	666.8539068	1331.693261	47.6953	-.GILAADESTGSIAK.-	sp|P05064|ALDOA_MOUSE	0.0030592721734999	0.006802721088435374	0.004784688995215311	0.0
2023_05_31_mouse_tcell_30FC+PRTC_100fmol_100ng_60k_PRM_50cm_wtrap_01.mzml:1484.479:EKQDEQVGLPGK+2	1	11093	8.030223	1.245674	1.7454232	5.17289	4.8769336	0.042589724	0.021545075	6	4	0.83482003	0.0484336	0.8005388	0.6478231	-0.6478231	-1.38979	1	12	0	1	0	0	664.3462493	1326.677946	24.741316	-.EKQDEQVGLPGK.-	sp|Q01320|TOP2A_MOUSE	0.002957650769753	0.006711409395973154	0.004784688995215311	0.0
2023_05_31_mouse_tcell_30FC+PRTC_100fmol_100ng_60k_PRM_50cm_wtrap_01.mzml:2129.21:LTPEEIER+2	1	15860	10.604751	1.7881863	1.9343896	6.90232	6.6030235	0.01879564	0.00943541	7	6	0.32739696	0.24554771	0.980046	3.0248141	2.1550794	-2.1548152	0	8	0	1	0	0	493.7612893	985.5080257	35.48683	-.LTPEEIER.-	sp|P20029|BIP_MOUSE	0.0029507970202599	0.006622516556291391	0.004784688995215311	0.0
2023_05_31_mouse_tcell_30FC+PRTC_100fmol_100ng_60k_PRM_50cm_wtrap_01.mzml:5435.3037:GLPLVDDGGWNTVPISK+2	1	40275	7.4102087	1.027688	1.3346055	5.331027	5.0337806	0.04975459	0.025094967	5	5	1.6341596	0.23720509	0.9447425	2.8787947	2.7095337	-1.6474478	0	17	0	1	0	0	884.4674268	1766.920301	90.588394	-.GLPLVDDGGWNTVPISK.-	sp|Q6NZJ6|IF4G1_MOUSE	0.0029474723246569	0.006535947712418301	0.004784688995215311	0.0
2023_05_31_mouse_tcell_30FC+PRTC_100fmol_100ng_60k_PRM_50cm_wtrap_01.mzml:3180.2788:FC[+57.0214635]LSC[+57.0214635]IR+2	1	23630	9.191656	1.4758471	1.5730596	5.4892254	5.191656	0.03168105	0.015911678	7	3	0.4250684	0.30347168	0.8926497	1.1286744	1.1286744	-0.27243757	0	7	0	1	0	0	478.2280483	954.4415437	53.004646	-.FC[+57.0214635]LSC[+57.0214635]IR.-	sp|P13864|DNMT1_MOUSE	0.002701040676208	0.0064516129032258064	0.004784688995215311	0.0
2023_05_31_mouse_tcell_30FC+PRTC_100fmol_100ng_60k_PRM_50cm_wtrap_01.mzml:4315.734:IIFDDFR+2	1	32020	9.21917	1.068583	1.3205818	5.5167384	5.2059402	0.012786876	0.005638075	7	4	0.5371399	-0.36999357	0.9563693	3.7262042	-3.7262042	-0.8946943	0	7	0	1	0	0	463.2425353	924.4705177	71.9289	-.IIFDDFR.-	sp|P46978|STT3A_MOUSE	0.0026778224105569	0.006369426751592357	0.004784688995215311	0.0
2023_05_31_mouse_tcell_30FC+PRTC_100fmol_100ng_60k_PRM_50cm_wtrap_01.mzml:2110.9404:WNIDSSC[+57.0214635]K+2	1	15725	9.832455	0.8957916	1.2364749	5.2269335	4.928933	0.005128345	0.002582121	8	0	1.4303976	0.8817906	0.0	10.0	10.0	-0.8957348	0	8	0	1	0	0	505.2240163	1008.43348	35.18234	-.WNIDSSC[+57.0214635]K.-	sp|Q62351|TFR1_MOUSE	0.0025761250839009	0.006289308176100629	0.004784688995215311	0.0
2023_05_31_mouse_tcell_30FC+PRTC_100fmol_100ng_60k_PRM_50cm_wtrap_01.mzml:3002.0054:GASFEEDSGGPLVC[+57.0214635]K+2	1	22312	6.7039404	0.89354426	0.94102186	4.624759	4.326435	0.07364817	0.037054233	5	5	1.4578018	-1.0433958	0.0	10.0	10.0	1.0216894	0	15	0	1	0	0	776.8510383	1551.687524	50.033424	-.GASFEEDSGGPLVC[+57.0214635]K.-	sp|P08882|GRAC_MOUSE	0.002492156481213	0.006211180124223602	0.004784688995215311	0.0
2023_05_31_mouse_tcell_30FC+PRTC_100fmol_100ng_60k_PRM_50cm_wtrap_01.mzml:2292.1948:EIVHIQAGQC[+57.0214635]GNQIGAK+3	1	17065	13.341697	1.8026092	4.282661	6.7819333	6.3078113	0.001993864	0.000612	10	0	0.44073924	-0.29098177	0.9964332	2.954354	2.2482216	-1.8741915	0	17	0	0	1	0	608.312466	1821.915569	38.203247	-.EIVHIQAGQC[+57.0214635]GNQIGAK.-	sp|P99024|TBB5_MOUSE;sp|Q7TMM9|TBB2A_MOUSE;sp|Q9CWF2|TBB2B_MOUSE;sp|Q9ERD7|TBB3_MOUSE	0.002475598127218	0.006134969325153374	0.004784688995215311	0.0
2023_05_31_mouse_tcell_30FC+PRTC_100fmol_100ng_60k_PRM_50cm_wtrap_01.mzml:2292.1948:EIVHLQAGQC[+57.0214635]GNQIGAK+3	1	17065	13.341697	1.8026092	4.282661	6.7819333	6.3078113	0.001993864	0.000612	10	0	0.44073924	-0.29098177	0.9964332	2.954354	2.2482216	-1.8741915	0	17	0	0	1	0	608.312466	1821.915569	38.203247	-.EIVHLQAGQC[+57.0214635]GNQIGAK.-	sp|P68372|TBB4B_MOUSE;sp|Q9D6F9|TBB4A_MOUSE	0.002475598127218	0.006060606060606061	0.004784688995215311	0.0
2023_05_31_mouse_tcell_30FC+PRTC_100fmol_100ng_60k_PRM_50cm_wtrap_01.mzml:2843.7017:TQQVIPMVK+2	1	21142	12.55538	1.6031526	2.1432595	6.995616	6.69686	0.011733371	0.005897486	9	5	1.08298	0.812235	0.98022825	2.976393	2.2135184	-1.4027305	0	9	0	1	0	0	522.2995283	1042.584504	47.395027	-.TQQVIPMVK.-	sp|P04187|GRAB_MOUSE	0.002237885964788	0.005988023952095809	0.004784688995215311	0.0
2023_05_31_mouse_tcell_30FC+PRTC_100fmol_100ng_60k_PRM_50cm_wtrap_01.mzml:3451.6975:FFLQDPR+2	1	25636	9.671265	1.2280318	1.4177775	5.9688344	5.6696463	0.021893883	0.010993466	7	5	0.8965537	0.67241526	0.9895049	4.6540527	3.2585583	-1.010694	0	7	0	1	0	0	461.7427028	921.4708527	57.528294	-.FFLQDPR.-	sp|Q3U7R1|ESYT1_MOUSE	0.0012476434195019	0.005917159763313609	0.004784688995215311	0.0
2023_05_31_mouse_tcell_30FC+PRTC_100fmol_100ng_60k_PRM_50cm_wtrap_01.mzml:3045.8271:QILGVIDK+2	1	22636	9.225568	1.3507731	1.453133	5.523137	5.2237325	0.010268335	0.005153421	7	3	1.2162102	0.91215765	0.89072514	1.4421988	-1.4421988	-1.6820536	0	8	0	1	0	0	443.2738358	884.5331187	50.763786	-.QILGVIDK.-	sp|Q60865|CAPR1_MOUSE	0.0012221265914509	0.005847953216374269	0.004784688995215311	0.0
2023_05_31_mouse_tcell_30FC+PRTC_100fmol_100ng_60k_PRM_50cm_wtrap_01.mzml:5189.624:NSSYFVEWIPNNVK+2	1	38466	7.9228945	1.040859	1.1489078	5.8437133	5.5459285	0.06437616	0.032429494	5	5	1.9266033	1.4449525	0.93835104	1.331089	1.331089	-0.5211978	0	14	0	1	0	0	848.9201068	1695.825661	86.49374	-.NSSYFVEWIPNNVK.-	sp|P68372|TBB4B_MOUSE;sp|P99024|TBB5_MOUSE;sp|Q7TMM9|TBB2A_MOUSE;sp|Q922F4|TBB6_MOUSE;sp|Q9CWF2|TBB2B_MOUSE;sp|Q9D6F9|TBB4A_MOUSE;sp|Q9ERD7|TBB3_MOUSE	0.0008622677293939	0.005780346820809248	0.004784688995215311	0.0
2023_05_31_mouse_tcell_30FC+PRTC_100fmol_100ng_60k_PRM_50cm_wtrap_01.mzml:1767.7166:FVSNITR+2	1	13187	10.391986	1.0083604	1.2893951	5.786465	5.4867363	0.024310509	0.012191721	8	2	2.4345953	-1.8259466	0.98027235	4.9490876	4.2537827	-1.3880606	0	7	0	1	0	0	418.7348773	835.4552017	29.461943	-.FVSNITR.-	sp|P13864|DNMT1_MOUSE	0.000312983410559	0.005714285714285714	0.004784688995215311	0.0
2023_05_31_mouse_tcell_30FC+PRTC_100fmol_100ng_60k_PRM_50cm_wtrap_01.mzml:5826.353:LALGIPLPELR+2	1	43153	7.3312798	1.0072893	1.1059555	5.2520986	4.956249	0.03429839	0.017354984	5	5	2.580615	-1.8370696	0.8068324	1.3709418	-1.3709418	-0.65163326	0	11	0	1	0	0	596.3766238	1190.738695	97.10588	-.LALGIPLPELR.-	sp|B2RQC6|PYR1_MOUSE	0.0002782820845239	0.005649717514124294	0.004784688995215311	0.0
2023_05_31_mouse_tcell_30FC+PRTC_100fmol_100ng_60k_PRM_50cm_wtrap_01.mzml:5643.5557:LLGATELPIVTPALR+2	1	41808	8.160419	1.1347184	1.4418194	5.303087	4.977847	0.054047424	0.025396628	6	6	3.7369401	-0.39732307	0.7993996	5.4013567	5.4013567	-1.4598951	0	15	0	1	0	0	782.4770668	1562.939581	94.05926	-.LLGATELPIVTPALR.-	sp|P52293|IMA1_MOUSE	0.0002534451172859	0.00558659217877095	0.004784688995215311	0.0
2023_05_31_mouse_tcell_30FC+PRTC_100fmol_100ng_60k_PRM_50cm_wtrap_01.mzml:2401.626:TILIEANR+2	1	17874	10.668058	0.6844443	1.0326416	6.062537	5.763133	0.010041967	0.005039814	8	0	0.5400797	-0.011065383	0.1314079	4.09816	-4.09816	-1.104177	0	8	0	1	0	0	465.2743668	928.5341807	40.0271	-.TILIEANR.-	sp|Q9JL26|FMNL1_MOUSE	0.0001496728395569	0.0055248618784530384	0.004784688995215311	0.0
2023_05_31_mouse_tcell_30FC+PRTC_100fmol_100ng_60k_PRM_50cm_wtrap_01.mzml:3793.0103:SFVLNLGK+2	1	28158	12.682371	1.3140218	1.370898	7.1226077	6.8236356	0.006781736	0.003406975	9	6	1.0823461	0.8117596	0.9909625	3.1583624	3.1583624	-2.2448885	0	8	0	1	0	0	439.2607278	876.5069027	63.21684	-.SFVLNLGK.-	sp|P16045|LEG1_MOUSE	3.0597544666999266e-05	0.00546448087431694	0.004784688995215311	0.0
2023_05_31_mouse_tcell_30FC+PRTC_100fmol_100ng_60k_PRM_50cm_wtrap_01.mzml:2407.5693:IVGLQYK+2	1	17918	10.417009	1.0713185	1.2979693	5.8114886	5.511651	0.020565702	0.01031113	8	3	1.7751914	-1.3313936	0.8975395	0.6874	-0.6874	-1.1263585	0	7	0	1	0	0	410.7499923	819.4854317	40.126156	-.IVGLQYK.-	sp|Q01320|TOP2A_MOUSE;sp|Q64511|TOP2B_MOUSE	-0.000168872631426	0.005405405405405406	0.004784688995215311	0.0
2023_05_31_mouse_tcell_30FC+PRTC_100fmol_100ng_60k_PRM_50cm_wtrap_01.mzml:4080.5479:AILSTKPPGTFLLR+3	1	30283	7.400325	0.8240131	0.7611938	5.321143	5.023143	0.03659567	0.01842592	5	1	0.762894	-0.3272984	0.62642187	0.46694875	0.46694875	-1.4946055	0	14	0	0	1	0	505.30821	1512.902801	68.00913	-.AILSTKPPGTFLLR.-	sp|P42227|STAT3_MOUSE	-0.0007616472262799	0.0053475935828877	0.004784688995215311	0.0
2023_05_31_mouse_tcell_30FC+PRTC_100fmol_100ng_60k_PRM_50cm_wtrap_01.mzml:1615.7097:DTPPQGEESHSGDGSTLETER+3	1	12063	7.6047916	0.97965986	0.6864576	4.747459	4.448811	0.057756033	0.029036842	6	0	2.7058735	2.029405	0.0	10.0	10.0	-1.631453	0	21	0	0	1	0	743.6561194	2227.946529	26.928495	-.DTPPQGEESHSGDGSTLETER.-	sp|Q8C156|CND2_MOUSE	-0.0007730291334419	0.005291005291005291	0.004784688995215311	0.003698794850902092
2023_05_31_mouse_tcell_30FC+PRTC_100fmol_100ng_60k_PRM_50cm_wtrap_01.mzml:1998.0519:SETMETEDVPTSSR+2	1	14890	7.7353797	0.43270576	0.48009643	6.3551683	6.055547	0.014421022	0.007233946	4	2	3.5508575	2.6631432	0.5798174	4.3713846	-4.3713846	-1.5851889	0	14	0	1	0	0	784.8408673	1567.667182	33.300865	-.SETMETEDVPTSSR.-	sp|Q62351|TFR1_MOUSE	-0.00081291930614	0.005235602094240838	0.004784688995215311	0.028814897475499052
2023_05_31_mouse_tcell_30FC+PRTC_100fmol_100ng_60k_PRM_50cm_wtrap_01.mzml:5779.2896:ATLWYVPLSLK+2	1	42807	6.4448996	0.99685174	0.98685527	5.064688	4.7698035	0.05745388	0.0291363	4	4	1.5598745	-0.618732	0.59067404	4.9835796	4.9835796	-1.0341887	0	11	0	1	0	0	645.8764523	1289.738352	96.321495	-.ATLWYVPLSLK.-	sp|Q91V12|BACH_MOUSE	-0.00104297727361	0.0051813471502590676	0.004784688995215311	0.0699313053187062
2023_05_31_mouse_tcell_30FC+PRTC_100fmol_100ng_60k_PRM_50cm_wtrap_01.mzml:1467.2856:LEC[+57.0214635]EDIK+2	1	10966	11.86428	1.2490261	1.6806295	6.3045163	6.004895	0.14516811	0.072819956	9	0	0.55009943	0.4125746	0.9735353	3.7277515	3.679642	9.016338	0	7	0	1	0	0	453.7154933	905.4164337	24.454762	-.LEC[+57.0214635]EDIK.-	sp|E9PVX6|KI67_MOUSE	-0.001462151610034	0.005128205128205128	0.004784688995215311	0.1275702140640524
2023_05_31_mouse_tcell_30FC+PRTC_100fmol_100ng_60k_PRM_50cm_wtrap_01.mzml:3094.5444:DMGFTEEEFKR+3	1	22996	7.9288535	0.50566787	0.7040509	5.071521	4.7155504	0.15790708	0.061066553	6	1	0.7376227	-0.2539509	0.0	10.0	10.0	5.595392	1	11	0	0	1	0	463.5432154	1387.607817	51.57574	-.DMGFTEEEFKR.-	sp|P03958|ADA_MOUSE	-0.0048268765728969	0.005076142131979695	0.004784688995215311	0.20298145213341964
2023_05_31_mouse_tcell_30FC+PRTC_100fmol_100ng_60k_PRM_50cm_wtrap_01.mzml:2029.1416:VC[+57.0214635]AGYFR+2	1	15120	8.305809	1.2528943	1.4001452	5.448476	5.1486387	0.0857869	0.043011405	6	0	2.3598077	1.6568558	0.0	10.0	10.0	-0.69170856	0	7	0	1	0	0	436.7078018	871.4010507	33.819027	-.VC[+57.0214635]AGYFR.-	sp|P20334|TNR9_MOUSE	-0.006585099423695	0.005025125628140704	0.004784688995215311	0.2979237459219049
2023_05_31_mouse_tcell_30FC+PRTC_100fmol_100ng_60k_PRM_50cm_wtrap_01.mzml:3549.9456:YPFTAQVDSPVK+2	1	26362	5.8694696	0.8838963	1.007092	4.4892583	4.190502	0.08262497	0.041529376	4	0	3.3365357	2.5024018	0.0	10.0	10.0	-1.9324627	0	12	0	1	0	0	676.3482563	1350.68196	59.16576	-.YPFTAQVDSPVK.-	sp|P56203|CATW_MOUSE	-0.006623826291544	0.004975124378109453	0.004784688995215311	0.41433001409863207
2023_05_31_mouse_tcell_30FC+PRTC_100fmol_100ng_60k_PRM_50cm_wtrap_01.mzml:4641.9834:ANC[+57.0214635]IDSTASAEAVFASEVK+2	1	34428	0.0	-0.000931	0.13583359	0.0	0.0	0.10583453	0.053287685	0	0	0.0	0.0	0.0	10.0	10.0	-3.0	0	19	0	1	0	0	985.4622123	1968.909872	77.36639	-.ANC[+57.0214635]IDSTASAEAVFASEVK.-	sp|P35550|FBRL_MOUSE	-0.0067085454208649	0.0049261083743842365	0.004784688995215311	0.5536735972555693
2023_05_31_mouse_tcell_30FC+PRTC_100fmol_100ng_60k_PRM_50cm_wtrap_01.mzml:4454.012:LLSDLC[+57.0214635]GTVMSTNDVEK+2	1	33041	0.0	-0.002455518	-0.011341587	0.0	0.0	0.11573377	0.05840215	0	0	0.0	0.0	0.39127508	9.1952095	-9.1952095	-2.8762145	0	17	0	1	0	0	941.4502593	1880.885966	74.233536	-.LLSDLC[+57.0214635]GTVMSTNDVEK.-	sp|Q61823|PDCD4_MOUSE	-0.007150547102895	0.004878048780487805	0.004784688995215311	0.7157688001530966
2023_05_31_mouse_tcell_30FC+PRTC_100fmol_100ng_60k_PRM_50cm_wtrap_01.mzml:5084.3584:LGDLLISQFSGSNAEQMR+2	1	37690	0.0	-0.001666667	-0.004586613	0.0	0.0	0.119466774	0.05998726	0	0	0.0	0.0	0.0	10.0	10.0	-2.4831119	0	18	0	1	0	0	983.4885643	1964.962576	84.7393	-.LGDLLISQFSGSNAEQMR.-	sp|Q60875|ARHG2_MOUSE	-0.0072807060848219	0.004830917874396135	0.004784688995215311	0.8966896343632927
2023_05_31_mouse_tcell_30FC+PRTC_100fmol_100ng_60k_PRM_50cm_wtrap_01.mzml:5196.4346:LNMEAINYMAADGDFK+2	1	38516	0.0	-0.002304877	0.10844253	0.0	0.0	0.10611814	0.053510066	0	0	0.0	0.0	0.0	10.0	10.0	-3.0	0	16	0	1	0	0	901.9080258	1801.801499	86.60725	-.LNMEAINYMAADGDFK.-	sp|P16045|LEG1_MOUSE	-0.008124715530251	0.004784688995215311	0.004784688995215311	1.0
2023_05_31_mouse_tcell_30FC+PRTC_100fmol_100ng_60k_PRM_50cm_wtrap_01.mzml:5773.452:WASSLENLLEDPEGVQR+2	1	42764	0.0	0.0	-0.003301838	0.0	0.0	0.13992509	0.07018992	0	0	0.0	0.0	0.0	10.0	10.0	-3.0	0	17	0	1	0	0	971.9788863	1941.94322	96.224205	-.WASSLENLLEDPEGVQR.-	sp|Q9CQE5|RGS10_MOUSE	-0.009880517746778	0.03317535545023697	0.03317535545023697	1.0
2023_05_31_mouse_tcell_30FC+PRTC_100fmol_100ng_60k_PRM_50cm_wtrap_01.mzml:5490.57:LFTPMDFEIEGNC[+57.0214635]EK+2	1	40682	0.0	0.0	0.115703784	0.0	0.0	0.13375571	0.06731257	0	0	0.0	0.0	0.0	10.0	10.0	-3.0	0	15	0	1	0	0	915.4078633	1828.801174	91.5095	-.LFTPMDFEIEGNC[+57.0214635]EK.-	sp|O35892|SP100_MOUSE	-0.0103952683723059	0.06103286384976526	0.06103286384976526	1.0
2023_05_31_mouse_tcell_30FC+PRTC_100fmol_100ng_60k_PRM_50cm_wtrap_01.mzml:5508.797:ALTVPELTQQMFDSK+2	1	40816	4.8728614	0.34922403	0.34526473	4.571831	4.2729673	0.15420246	0.07748674	2	2	1.7884802	-0.12271851	0.0	10.0	10.0	-1.8687887	0	15	0	1	0	0	854.4347388	1706.854925	91.81328	-.ALTVPELTQQMFDSK.-	sp|Q7TMM9|TBB2A_MOUSE;sp|Q9CWF2|TBB2B_MOUSE	-0.01196119611185	0.07906976744186046	0.07906976744186046	1.0
2023_05_31_mouse_tcell_30FC+PRTC_100fmol_100ng_60k_PRM_50cm_wtrap_01.mzml:5578.603:EAVGDLLDAFK+2	1	41330	5.469165	0.63569874	0.62357605	4.691014	4.392042	0.14175868	0.07121602	3	3	2.924693	-2.1935198	0.0	10.0	10.0	-2.1327088	0	11	0	1	0	0	589.3086038	1176.602655	92.976715	-.EAVGDLLDAFK.-	sp|Q6NZJ6|IF4G1_MOUSE	-0.01337785992663	0.1152073732718894	0.1141552511415525	1.0
2023_05_31_mouse_tcell_30FC+PRTC_100fmol_100ng_60k_PRM_50cm_wtrap_01.mzml:4003.9636:NQALVELLQK+2	1	29717	5.3799915	0.46088395	0.49425337	4.60184	4.3024354	0.15434761	0.0774632	3	0	0.4079214	0.19185296	0.0	10.0	10.0	-2.155002	0	10	0	1	0	0	578.3402383	1154.665924	66.73273	-.NQALVELLQK.-	sp|Q60875|ARHG2_MOUSE	-0.0137361930598399	0.1141552511415525	0.1141552511415525	1.0
2023_05_31_mouse_tcell_30FC+PRTC_100fmol_100ng_60k_PRM_50cm_wtrap_01.mzml:5051.8066:MDSNTQGIENPGFETTPPFQGMPEAK+3	1	37450	0.0	-0.000674	0.24469629	0.0	0.0	0.15884815	0.080158755	0	0	0.0	0.0	0.0	10.0	10.0	-3.0	0	26	0	0	1	0	941.7581927	2822.252749	84.19678	-.MDSNTQGIENPGFETTPPFQGMPEAK.-	sp|Q9D659|VISTA_MOUSE	-0.016072897085855	0.14027149321266968	0.14027149321266968	1.0
2023_05_31_mouse_tcell_30FC+PRTC_100fmol_100ng_60k_PRM_50cm_wtrap_01.mzml:2315.871:ISAASEEEAVGNGAATPK+2	1	17240	5.0718575	0.35819802	0.45906308	4.293706	3.995166	0.21635512	0.108799554	3	3	2.1788414	-0.11907978	0.0	10.0	10.0	-2.0513635	0	18	0	1	0	0	851.4181308	1700.821709	38.59785	-.ISAASEEEAVGNGAATPK.-	sp|E9Q394|AKP13_MOUSE	-0.016945402116506	0.15695067264573992	0.15695067264573992	1.0
2023_05_31_mouse_tcell_30FC+PRTC_100fmol_100ng_60k_PRM_50cm_wtrap_01.mzml:3491.764:QIPC[+57.0214635]IVSMLTK+2	1	25932	5.0540085	0.21133557	0.38191018	4.7529783	4.4580936	0.1640954	0.083216876	2	0	0.80808043	0.5448311	0.0	10.0	10.0	-3.0	0	11	0	1	0	0	645.3514348	1288.688317	58.196064	-.QIPC[+57.0214635]IVSMLTK.-	sp|P70677|CASP3_MOUSE	-0.017411418776384	0.16444444444444445	0.16444444444444445	1.0
2023_05_31_mouse_tcell_30FC+PRTC_100fmol_100ng_60k_PRM_50cm_wtrap_01.mzml:2658.5596:LEEALLR+2	1	19773	8.981901	0.9018386	1.2089031	5.279471	4.9796333	0.22800544	0.11431624	7	1	1.1429063	-0.38908952	0.0	10.0	10.0	-1.2491426	0	7	0	1	0	0	422.2503603	842.4861677	44.309326	-.LEEALLR.-	sp|P97313|PRKDC_MOUSE;sp|Q8C147|DOCK8_MOUSE	-0.0198487941111199	0.21585903083700442	0.21397379912663755	1.0
2023_05_31_mouse_tcell_30FC+PRTC_100fmol_100ng_60k_PRM_50cm_wtrap_01.mzml:4028.9753:LLTTIGKDLDFAK+3	1	29902	6.150821	0.5215296	0.5076568	4.77061	4.4730406	0.21748775	0.10961382	4	2	2.2945127	-1.35881	0.75123805	0.20979534	-0.20979534	-2.5938797	1	13	0	0	1	0	478.9449374	1433.812983	67.14959	-.LLTTIGKDLDFAK.-	sp|Q6NZJ6|IF4G1_MOUSE	-0.0203330963370499	0.21397379912663755	0.21397379912663755	1.0
2023_05_31_mouse_tcell_30FC+PRTC_100fmol_100ng_60k_PRM_50cm_wtrap_01.mzml:5504.5615:SPQENLVPC[+57.0214635]DVLLLR+2	1	40785	4.762557	0.49305868	0.6090478	4.461527	4.1627707	0.24206345	0.121667124	2	2	3.0150197	1.5733845	0.0	10.0	10.0	-2.3093607	0	15	0	1	0	0	876.9692793	1751.924006	91.74269	-.SPQENLVPC[+57.0214635]DVLLLR.-	sp|Q9EPE9|AT131_MOUSE	-0.022205384251336	0.24675324675324675	0.24675324675324675	1.0
2023_05_31_mouse_tcell_30FC+PRTC_100fmol_100ng_60k_PRM_50cm_wtrap_01.mzml:3438.2927:MFLNDFLNDQNR+2	1	25537	5.2573223	0.2642531	0.38761047	4.479171	4.183321	0.24963428	0.12631495	3	0	3.5937526	-1.7157879	0.46583447	1.4785749	1.4785749	-1.9943905	0	12	0	1	0	0	763.8564573	1525.698362	57.30488	-.MFLNDFLNDQNR.-	sp|Q8JZK9|HMCS1_MOUSE	-0.02237429102331	0.2532188841201717	0.2532188841201717	1.0
2023_05_31_mouse_tcell_30FC+PRTC_100fmol_100ng_60k_PRM_50cm_wtrap_01.mzml:4256.6597:KVVEPELMGTPDGPC[+57.0214635]YPAPPVPR+3	1	31584	5.1727953	0.49362206	0.8264281	4.871765	4.579335	0.31108227	0.15865198	2	2	1.1402348	-0.6960509	0.0	10.0	10.0	-1.921567	1	23	0	0	1	0	836.087142	2505.239597	70.94433	-.KVVEPELMGTPDGPC[+57.0214635]YPAPPVPR.-	sp|B2RQC6|PYR1_MOUSE	-0.02793585436752	0.3191489361702128	0.31645569620253167	1.0
2023_05_31_mouse_tcell_30FC+PRTC_100fmol_100ng_60k_PRM_50cm_wtrap_01.mzml:5145.5396:FDYYMPVIAGC[+57.0214635]R+2	1	38141	5.1055393	0.17268139	0.1499096	4.804509	4.505537	0.27135497	0.13632196	2	0	3.362038	1.8041147	0.0	10.0	10.0	-2.3485374	0	12	0	1	0	0	746.3415898	1490.668627	85.758995	-.FDYYMPVIAGC[+57.0214635]R.-	sp|P03958|ADA_MOUSE	-0.02839002295421	0.31645569620253167	0.31645569620253167	1.0
2023_05_31_mouse_tcell_30FC+PRTC_100fmol_100ng_60k_PRM_50cm_wtrap_01.mzml:3525.8433:VMNTGSQFVMEGVK+2	1	26184	4.740528	0.4898758	0.4770163	4.439498	4.143648	0.37409616	0.18929264	2	2	1.7930232	1.3447675	0.0	10.0	10.0	-2.314868	0	14	0	1	0	0	763.8707198	1525.726887	58.764053	-.VMNTGSQFVMEGVK.-	sp|Q8BRF7|SCFD1_MOUSE	-0.03521864920804	0.4309623430962343	0.4309623430962343	1.0
2023_05_31_mouse_tcell_30FC+PRTC_100fmol_100ng_60k_PRM_50cm_wtrap_01.mzml:4328.888:FGDLDEQEFVYKEPAITK+3	1	32117	4.5034304	0.24740222	0.48648968	4.2024	3.904076	0.39597097	0.19922294	2	2	0.4691011	-0.18853466	0.0	10.0	10.0	-2.3741424	1	18	0	0	1	0	710.352758	2128.036445	72.14814	-.FGDLDEQEFVYKEPAITK.-	sp|Q8C147|DOCK8_MOUSE;sp|Q8R1A4|DOCK7_MOUSE	-0.03722496127084	0.45228215767634855	0.45228215767634855	1.0
2023_05_31_mouse_tcell_30FC+PRTC_100fmol_100ng_60k_PRM_50cm_wtrap_01.mzml:2881.4614:QINPTLGSQEDFKDLLQSAK+3	1	21421	4.8507743	0.06856617	0.078627005	4.549744	4.2537875	0.44687298	0.22606187	2	0	0.19480793	0.14610595	0.0	10.0	10.0	-2.9719687	1	20	0	0	1	0	744.7217357	2231.143378	48.024357	-.QINPTLGSQEDFKDLLQSAK.-	sp|P10852|4F2_MOUSE	-0.042151176887395	0.5473251028806584	0.5473251028806584	1.0
2023_05_31_mouse_tcell_30FC+PRTC_100fmol_100ng_60k_PRM_50cm_wtrap_01.mzml:2734.3223:DSNWISKVEK+3	1	20333	4.546312	0.025562847	0.064533316	4.2452817	3.945769	0.47966546	0.24067214	2	0	3.4145424	-2.560907	0.0	10.0	10.0	-2.363422	1	10	0	0	1	0	402.5435434	1204.608801	45.572037	-.DSNWISKVEK.-	sp|Q62351|TFR1_MOUSE	-0.048852836390907	0.6	0.6	1.0
2023_05_31_mouse_tcell_30FC+PRTC_100fmol_100ng_60k_PRM_50cm_wtrap_01.mzml:5321.844:SPQTPELVEALAFR+2	1	39440	4.4196424	0.24799392	0.2416998	4.4196424	4.1208863	0.55773205	0.28033003	1	1	0.07757591	-0.05818193	0.0	10.0	10.0	-2.3950894	0	14	0	1	0	0	779.4172058	1556.819859	88.6974	-.SPQTPELVEALAFR.-	sp|Q6A0A9|F120A_MOUSE	-0.05307900296271	0.6437246963562753	0.6437246963562753	1.0
2023_05_31_mouse_tcell_30FC+PRTC_100fmol_100ng_60k_PRM_50cm_wtrap_01.mzml:1969.0979:ISEQFTAMFR+2	1	14676	6.193129	0.1884517	0.23138696	5.892099	5.5651817	0.5624208	0.27715665	2	1	0.071321376	0.05349103	0.0	10.0	10.0	-3.0	0	10	0	1	0	0	615.3027988	1228.591045	32.8183	-.ISEQFTAMFR.-	sp|P68372|TBB4B_MOUSE;sp|P99024|TBB5_MOUSE;sp|Q7TMM9|TBB2A_MOUSE;sp|Q9CWF2|TBB2B_MOUSE;sp|Q9D6F9|TBB4A_MOUSE;sp|Q9ERD7|TBB3_MOUSE	-0.05529636175962	0.6706827309236948	0.6706827309236948	1.0
2023_05_31_mouse_tcell_30FC+PRTC_100fmol_100ng_60k_PRM_50cm_wtrap_01.mzml:5435.0366:YFSSGPDRTVQFWEQDGIPVLSK+3	1	40273	4.203243	0.11649267	0.51865506	4.203243	3.9031887	0.61424655	0.30427584	1	1	0.36319992	0.27239993	0.0	10.0	10.0	-2.4491892	1	23	0	0	1	0	886.1062464	2655.29691	90.58395	-.YFSSGPDRTVQFWEQDGIPVLSK.-	sp|Q60837|I12R1_MOUSE	-0.05953711609112	0.7290836653386454	0.7290836653386454	1.0
2023_05_31_mouse_tcell_30FC+PRTC_100fmol_100ng_60k_PRM_50cm_wtrap_01.mzml:3539.647:AGC[+57.0214635]QVVAPSDMMDGRVEAIK+3	1	26286	4.2609158	0.23199505	-0.00902102	4.2609158	3.9628074	0.8226968	0.41412503	1	1	0.14150779	0.10613084	0.0	10.0	10.0	-2.434771	1	20	0	0	1	0	712.0078374	2133.001683	58.994118	-.AGC[+57.0214635]QVVAPSDMMDGRVEAIK.-	sp|P10518|HEM2_MOUSE	-0.07921560744341	0.7865612648221344	0.7566539923954373	1.0
2023_05_31_mouse_tcell_30FC+PRTC_100fmol_100ng_60k_PRM_50cm_wtrap_01.mzml:4878.927:EENADFGGAELPVVC[+57.0214635]GNAQGFLDKEK+3	1	36175	3.912371	0.2293705	0.24583332	3.912371	3.6143703	0.8238235	0.41479507	1	1	1.0722674	0.80420053	0.0	10.0	10.0	-2.5219073	1	26	0	0	1	0	932.1044684	2793.291576	81.315445	-.EENADFGGAELPVVC[+57.0214635]GNAQGFLDKEK.-	sp|O35892|SP100_MOUSE	-0.0792537784144	0.7803921568627451	0.7566539923954373	1.0
2023_05_31_mouse_tcell_30FC+PRTC_100fmol_100ng_60k_PRM_50cm_wtrap_01.mzml:2818.5635:QFMAETQFSSGEK+2	1	20956	4.017762	0.054408446	0.046779238	4.017762	3.5457144	0.88745064	0.31330538	1	0	0.075655304	0.056741476	0.0	10.0	10.0	-2.913177	0	13	0	1	0	0	745.3350243	1488.655496	46.97606	-.QFMAETQFSSGEK.-	sp|Q60865|CAPR1_MOUSE	-0.079959884104204	0.77431906614786	0.7566539923954373	1.0
2023_05_31_mouse_tcell_30FC+PRTC_100fmol_100ng_60k_PRM_50cm_wtrap_01.mzml:5983.279:ILDIIGLPGEEDWPR+2	1	44308	3.9012563	0.24856713	0.24213433	3.9012563	3.6027162	0.86920106	0.43709943	1	1	0.04523778	0.033928335	0.0	10.0	10.0	-2.5246859	0	15	0	1	0	0	861.9566948	1721.898837	99.72131	-.ILDIIGLPGEEDWPR.-	sp|Q64261|CDK6_MOUSE	-0.081203183308745	0.7683397683397684	0.7566539923954373	1.0
2023_05_31_mouse_tcell_30FC+PRTC_100fmol_100ng_60k_PRM_50cm_wtrap_01.mzml:5761.1113:SGPFGQIFRPDNFVFGQSGAGNNWAK+3	1	42673	4.8573513	0.0448149	0.2808337	4.8573513	4.5625734	0.85186636	0.42957738	1	0	1.4207249	-1.0655437	0.0	10.0	10.0	-2.2856622	0	26	0	0	1	0	933.4526424	2797.336098	96.018524	-.SGPFGQIFRPDNFVFGQSGAGNNWAK.-	sp|P68372|TBB4B_MOUSE;sp|P99024|TBB5_MOUSE;sp|Q7TMM9|TBB2A_MOUSE;sp|Q9CWF2|TBB2B_MOUSE;sp|Q9D6F9|TBB4A_MOUSE	-0.0835337787953	0.7624521072796935	0.7566539923954373	1.0
2023_05_31_mouse_tcell_30FC+PRTC_100fmol_100ng_60k_PRM_50cm_wtrap_01.mzml:3882.0186:ANC[+57.0214635]IDSTASAEAVFASEVKK+3	1	28816	4.1768465	0.14154193	-0.022811852	4.1768465	3.8814259	0.82971245	0.42024937	1	1	2.3657486	1.7743115	0.0	10.0	10.0	-2.4557884	1	20	0	0	1	0	700.008888	2097.004835	64.70031	-.ANC[+57.0214635]IDSTASAEAVFASEVKK.-	sp|P35550|FBRL_MOUSE	-0.083793436909612	0.7566539923954373	0.7566539923954373	1.0
2023_05_31_mouse_tcell_30FC+PRTC_100fmol_100ng_60k_PRM_50cm_wtrap_01.mzml:4194.251:GTEPSALPFVDPNARPLAPEVSIK+3	1	31123	4.318892	0.1917833	0.17477185	4.318892	4.0264626	1.0121877	0.51621574	1	1	0.19643313	-0.14732485	0.0	10.0	10.0	-2.420277	0	24	0	0	1	0	835.7831064	2504.32749	69.90418	-.GTEPSALPFVDPNARPLAPEVSIK.-	sp|B2RQC6|PYR1_MOUSE	-0.09828688147981	0.8415094339622642	0.8415094339622642	1.0
