id	Label	ScanNr	primary	evalue	correlationToGaussian	correlationToPrecursor	isIntegratedSignal	isIntegratedPrecursor	numPeaksWithGoodCorrelation	HyperScore	xCorrLib	xCorrModel	scribe	numberOfMatchingPeaks	numberOfMatchingPeaksAboveThreshold	averageFragmentDeltaMasses	isotopeDotProduct	averageParentDeltaMass	lnSp	maxLadderLength	numMissedCleavage	pepLength	charge1	charge2	charge3	charge4	precursorMz	precursorMass	RTinMin	sequence	Proteins	score	fdr	qvalue	pyIsoPEP FDR	pyIsoPEP q-value from FDR	pyIsoPEP PEP
2023_05_31_mouse_tcell_30FC+PRTC_100fmol_100ng_60k_PRM_50cm_wtrap_01.mzml:1199.2158:KSC[+57.0214635]C[+57.0214635]SC[+57.0214635]C[+57.0214635]PVGC[+57.0214635]SK+2	1	8984	5.019145	-2.2452137	0.7086174	0.0	1.0	0.0	10.0	0.0	0.0	-0.0012088668	0.0	0.0	0.0	0.0	0.0	10.0	0.0	0.0	1	13	0	1	0	0	795.3035073086647	1588.5924616837035	19.98693	-.KSC[+57.0214635]C[+57.0214635]SC[+57.0214635]C[+57.0214635]PVGC[+57.0214635]SK.-	sp|P02802|MT1_MOUSE	0.0408248009550355	0.1535790131165621	0.1535790131165621	0.00425531914893617	0.003389830508474576	0.002485948273436773
2023_05_31_mouse_tcell_30FC+PRTC_100fmol_100ng_60k_PRM_50cm_wtrap_01.mzml:1199.2158:KSC[+57.0214635]C[+57.0214635]SC[+57.0214635]C[+57.0214635]PVGC[+57.0214635]SK+2	1	8984	5.019145	-2.2452137	0.7086174	0.0	1.0	0.0	10.0	0.0	0.0	-0.0012088668	0.0	0.0	0.0	0.0	0.0	10.0	0.0	0.0	1	13	0	1	0	0	795.3035073086647	1588.5924616837035	19.98693	-.KSC[+57.0214635]C[+57.0214635]SC[+57.0214635]C[+57.0214635]PVGC[+57.0214635]SK.-	sp|P02802|MT1_MOUSE	0.0408248009550355	0.1573248427047709	0.1573248427047709	0.004219409282700422	0.003389830508474576	0.002485948273521511
2023_05_31_mouse_tcell_30FC+PRTC_100fmol_100ng_60k_PRM_50cm_wtrap_01.mzml:1200.454:KSC[+57.0214635]C[+57.0214635]SC[+57.0214635]C[+57.0214635]PVGC[+57.0214635]SK+2	1	8993	3.6225598	4.922099	0.5986824	0.0	1.0	0.0	10.0	0.0	-0.00054526783	-0.009416199	0.0	0.0	0.0	0.0	0.0	10.0	0.0	0.0	1	13	0	1	0	0	795.3035073086647	1588.5924616837035	20.007566	-.KSC[+57.0214635]C[+57.0214635]SC[+57.0214635]C[+57.0214635]PVGC[+57.0214635]SK.-	sp|P02802|MT1_MOUSE	0.0337255836278611	0.1480178392556126	0.1480178392556126	0.004048582995951417	0.003389830508474576	0.002485948273751513
2023_05_31_mouse_tcell_30FC+PRTC_100fmol_100ng_60k_PRM_50cm_wtrap_01.mzml:1207.0735:KTTGAAQEEDAC[+57.0214635]SC[+57.0214635]R+3	1	9042	2.629855	-1.431246	0.80756646	0.0	1.0	0.0	7.0	0.0	-0.0014798364	0.07748596	0.0	0.0	0.0	0.0	0.32204223	7.569415	0.0	0.0	1	15	0	0	1	0	561.9068883613808	1682.6988356837037	20.117891	-.KTTGAAQEEDAC[+57.0214635]SC[+57.0214635]R.-	sp|P20334|TNR9_MOUSE	0.0024826536646876	0.026150618601376	0.026150618601376	0.0034602076124567475	0.003389830508474576	0.002485948274090464
2023_05_31_mouse_tcell_30FC+PRTC_100fmol_100ng_60k_PRM_50cm_wtrap_01.mzml:1257.1512:AAADDGEEPKSEPETK+3	1	9412	8.699774	-1.3250566	0.9122946	0.90954757	1.0	1.0	10.0	8.52161	1.640659	1.7649008	2.7825818	10.0	7.0	-0.11590111	0.98879504	0.586218	10.414995	5.0	1	16	0	0	1	0	558.5882063613809	1672.742789683704	20.95252	-.AAADDGEEPKSEPETK.-	sp|P28352|APEX1_MOUSE	0.0682518148501863	0.1347973343291179	0.1347973343291179	0.006289308176100629	0.003389830508474576	0.002485948274502047
2023_05_31_mouse_tcell_30FC+PRTC_100fmol_100ng_60k_PRM_50cm_wtrap_01.mzml:1259.9926:AAADDGEEPKSEPETK+3	1	9433	8.493118	27.680805	0.8909358	0.908735	1.0	1.0	10.0	8.507402	1.7318437	1.5355611	2.4820983	10.0	7.0	-0.2267355	0.990512	0.93835837	9.686857	5.0	1	16	0	0	1	0	558.5882063613809	1672.742789683704	20.999876	-.AAADDGEEPKSEPETK.-	sp|P28352|APEX1_MOUSE	0.0707996896900064	0.1316041290708354	0.1316041290708354	0.006711409395973154	0.003389830508474576	0.002485948274949946
2023_05_31_mouse_tcell_30FC+PRTC_100fmol_100ng_60k_PRM_50cm_wtrap_01.mzml:1303.2684:AAATPESQEPQAK+2	1	9753	8.112076	23.13478	0.9323952	0.90391976	1.0	1.0	10.0	5.654003	1.8779349	2.5090902	2.5557454	7.0	5.0	-0.23039734	0.8053167	2.2861035	9.578118	5.0	0	13	0	1	0	0	664.3280568086648	1326.6415606837038	21.72114	-.AAATPESQEPQAK.-	sp|P28667|MRP_MOUSE	0.0673913944370507	0.1365107733468462	0.1365107733468462	0.006134969325153374	0.003389830508474576	0.002485948275397845
2023_05_31_mouse_tcell_30FC+PRTC_100fmol_100ng_60k_PRM_50cm_wtrap_01.mzml:1303.2684:AAATPESQEPQAK+2	1	9753	8.08896	23.101435	0.9336205	0.9032718	1.0	1.0	10.0	5.654003	1.8779349	2.5090902	2.5557454	7.0	5.0	-0.23039734	0.8053167	2.2861035	9.578118	5.0	0	13	0	1	0	0	664.3280568086648	1326.6415606837038	21.72114	-.AAATPESQEPQAK.-	sp|P28667|MRP_MOUSE	0.0672698566213507	0.1398504913970185	0.1398504913970185	0.005988023952095809	0.003389830508474576	0.0024859482758094282
2023_05_31_mouse_tcell_30FC+PRTC_100fmol_100ng_60k_PRM_50cm_wtrap_01.mzml:1308.8143:SC[+57.0214635]C[+57.0214635]SC[+57.0214635]C[+57.0214635]PVGC[+57.0214635]SK+2	1	9794	11.882193	-0.52945185	0.862092	0.8086809	1.0	1.0	10.0	7.549968	1.9247563	2.1603022	4.109908	9.0	9.0	-0.24222103	0.9395722	1.4600911	11.79041	7.0	0	12	0	1	0	0	731.2560258086647	1460.4974986837035	21.813572	-.SC[+57.0214635]C[+57.0214635]SC[+57.0214635]C[+57.0214635]PVGC[+57.0214635]SK.-	sp|P02802|MT1_MOUSE	0.0826546694330808	0.1305943777042676	0.1305943777042676	0.008403361344537815	0.003389830508474576	0.002485948276148379
2023_05_31_mouse_tcell_30FC+PRTC_100fmol_100ng_60k_PRM_50cm_wtrap_01.mzml:1323.6722:ESKDPADETEAD+2	1	9904	10.6221	-0.84447503	0.8687727	0.84346247	1.0	1.0	10.0	6.5919313	1.4288701	1.5528303	3.786906	8.0	4.0	-0.50685495	0.977756	3.061507	11.113359	6.0	1	12	0	1	0	0	653.7676938086647	1305.5208346837037	22.061205	-.ESKDPADETEAD.-	sp|P54227|STMN1_MOUSE	0.0866035753033307	0.1315708163262139	0.1315708163262139	0.009009009009009009	0.003389830508474576	0.0024859482763783815
2023_05_31_mouse_tcell_30FC+PRTC_100fmol_100ng_60k_PRM_50cm_wtrap_01.mzml:1340.0265:GKVEADEEPSAVR+2	1	10025	7.73214	-1.566965	0.6117487	0.0	1.0	0.0	9.0	0.0	-0.0012374902	0.2800315	0.0	0.0	0.0	0.0	0.0	10.0	0.0	0.0	1	13	0	1	0	0	693.8466128086648	1385.6786726837038	22.333775	-.GKVEADEEPSAVR.-	sp|E9PVX6|KI67_MOUSE	0.0452905786315673	0.1590202538619474	0.1590202538619474	0.004366812227074236	0.003389830508474576	0.002485948276463119
2023_05_31_mouse_tcell_30FC+PRTC_100fmol_100ng_60k_PRM_50cm_wtrap_01.mzml:1355.7124:VDQQVQDNENAPQR+2	1	10141	12.22189	17.223658	0.8955103	0.7823941	1.0	1.0	10.0	8.551039	1.6489472	2.8513021	4.224383	10.0	9.0	0.6379082	0.9521027	2.6729345	11.783903	7.0	0	14	0	1	0	0	820.8847898086646	1639.7550266837034	22.595207	-.VDQQVQDNENAPQR.-	sp|E9PVX6|KI67_MOUSE	0.0771619865285708	0.1310924072205826	0.1310924072205826	0.007518796992481203	0.003389830508474576	0.0024859482764980735
2023_05_31_mouse_tcell_30FC+PRTC_100fmol_100ng_60k_PRM_50cm_wtrap_01.mzml:1364.9272:GDSVSDNGSEAVR+2	1	10209	6.012847	25.599064	0.6345226	0.26358348	1.0	1.0	5.0	3.014501	0.03221915	0.085152976	0.9269897	4.0	0.0	1.2919362	0.9998125	-4.0967555	7.4959054	3.0	0	13	0	1	0	0	646.7892943086647	1291.5640356837037	22.748787	-.GDSVSDNGSEAVR.-	sp|Q61823|PDCD4_MOUSE	0.0081758946226847	0.0645895675192091	0.0645895675192091	0.0035842293906810036	0.003389830508474576	0.002485948276592951
2023_05_31_mouse_tcell_30FC+PRTC_100fmol_100ng_60k_PRM_50cm_wtrap_01.mzml:1364.9272:GDSVSDNGSEAVR+2	1	10209	7.952565	24.594503	0.669701	0.30509818	1.0	1.0	5.0	3.014501	0.03221915	0.085152976	0.9269897	4.0	0.0	1.2919362	0.9998125	-4.0967555	7.4959054	3.0	0	13	0	1	0	0	646.7892943086647	1291.5640356837037	22.748787	-.GDSVSDNGSEAVR.-	sp|Q61823|PDCD4_MOUSE	0.0179609104265847	0.1091470710538608	0.1091470710538608	0.003745318352059925	0.003389830508474576	0.002485948276732771
2023_05_31_mouse_tcell_30FC+PRTC_100fmol_100ng_60k_PRM_50cm_wtrap_01.mzml:1364.9272:GDSVSDNGSEAVR+2	1	10209	6.6471024	16.230032	0.62451875	0.24984594	1.0	1.0	5.0	3.014501	0.03221915	0.085152976	0.9269897	4.0	0.0	1.2919362	0.9998125	-4.0967555	7.4959054	3.0	0	13	0	1	0	0	646.7892943086647	1291.5640356837037	22.748787	-.GDSVSDNGSEAVR.-	sp|Q61823|PDCD4_MOUSE	0.0122495864245347	0.0841493328294123	0.0841493328294123	0.003663003663003663	0.003389830508474576	0.002485948276902551
2023_05_31_mouse_tcell_30FC+PRTC_100fmol_100ng_60k_PRM_50cm_wtrap_01.mzml:1411.4418:EGVKFDESEK+2	1	10553	4.9549184	-2.2612705	0.93000656	0.9324023	1.0	1.0	9.0	4.060451	0.55011725	0.66441387	3.9071534	5.0	0.0	0.20062388	0.838104	-4.3642855	8.343249	4.0	1	10	0	1	0	0	584.2800428086647	1166.5455326837036	23.524029	-.EGVKFDESEK.-	sp|P08113|ENPL_MOUSE	0.0492380290611007	0.1440668257713687	0.1440668257713687	0.004739336492890996	0.003389830508474576	0.0024859482770873127
2023_05_31_mouse_tcell_30FC+PRTC_100fmol_100ng_60k_PRM_50cm_wtrap_01.mzml:1468.7891:LEC[+57.0214635]EDIK+2	1	10977	8.71209	17.21023	0.9170292	0.81211704	1.0	1.0	8.0	7.508195	0.42421705	0.51479954	2.4964507	9.0	2.0	0.39193806	0.9735353	2.2112184	12.380025	6.0	0	7	0	1	0	0	453.7154933086647	905.4164336837036	24.479818	-.LEC[+57.0214635]EDIK.-	sp|E9PVX6|KI67_MOUSE	0.0402236278898607	0.1629572617076407	0.1629572617076407	0.004149377593360996	0.003389830508474576	0.002485948277272074
2023_05_31_mouse_tcell_30FC+PRTC_100fmol_100ng_60k_PRM_50cm_wtrap_01.mzml:1478.0996:EKQDEQVGLPGK+2	1	11046	2.8503876	0.078202724	0.43612728	0.65460557	1.0	1.0	6.0	1.9410005	0.24596536	0.51479924	5.1266994	1.0	1.0	-0.28701365	0.0	10.0	4.3921833	1.0	1	12	0	1	0	0	664.3462493086647	1326.6779456837037	24.634993	-.EKQDEQVGLPGK.-	sp|Q01320|TOP2A_MOUSE	0.0043833498119627	0.0432855793931316	0.0432855793931316	0.003484320557491289	0.003389830508474576	0.002485948277441855
2023_05_31_mouse_tcell_30FC+PRTC_100fmol_100ng_60k_PRM_50cm_wtrap_01.mzml:1478.0996:EKQDEQVGLPGK+2	1	11046	3.4307501	1.227982	0.44315597	0.65389603	1.0	1.0	6.0	1.9410005	0.24596536	0.51479924	5.1266994	1.0	1.0	-0.28701365	0.0	10.0	4.3921833	1.0	1	12	0	1	0	0	664.3462493086647	1326.6779456837037	24.634993	-.EKQDEQVGLPGK.-	sp|Q01320|TOP2A_MOUSE	0.0072195547112207	0.0600362970722563	0.0600362970722563	0.0035587188612099642	0.003389830508474576	0.002485948277581674
2023_05_31_mouse_tcell_30FC+PRTC_100fmol_100ng_60k_PRM_50cm_wtrap_01.mzml:1540.4773:VGTQTFC[+57.0214635]SR+2	1	11507	10.963741	-0.7590647	0.942744	0.9407303	1.0	1.0	9.0	7.547617	0.9047082	1.0542828	3.897482	9.0	1.0	-0.1753943	0.96764797	1.19529	11.018689	7.0	0	9	0	1	0	0	528.2505668086648	1054.4865806837038	25.674622	-.VGTQTFC[+57.0214635]SR.-	sp|Q3U7R1|ESYT1_MOUSE	0.0916342375863107	0.1316200867148826	0.1316200867148826	0.010101010101010102	0.003389830508474576	0.002485948277676552
2023_05_31_mouse_tcell_30FC+PRTC_100fmol_100ng_60k_PRM_50cm_wtrap_01.mzml:1617.214:YGC[+57.0214635]EGPSHGGLPGASSEK+3	1	12074	6.913571	-1.7716073	0.91771054	0.0	1.0	0.0	8.0	5.6448216	0.8624815	0.6983993	2.9732804	7.0	2.0	-0.29517582	0.0	10.0	6.9222836	3.0	0	18	0	0	1	0	597.2651780280474	1788.7737046837035	26.953566	-.YGC[+57.0214635]EGPSHGGLPGASSEK.-	sp|Q9WTK5|NFKB2_MOUSE	0.0565236507247331	0.1464055215493087	0.1464055215493087	0.005076142131979695	0.003389830508474576	0.0024859482777115065
2023_05_31_mouse_tcell_30FC+PRTC_100fmol_100ng_60k_PRM_50cm_wtrap_01.mzml:1618.4165:YGC[+57.0214635]EGPSHGGLPGASSEK+3	1	12083	5.6965938	16.823353	0.92419857	0.0	1.0	0.0	8.0	3.9703052	0.6669718	0.4433607	2.759876	5.0	1.0	-1.6197678	0.0	10.0	6.2572465	3.0	0	18	0	0	1	0	597.2651780280474	1788.7737046837035	26.973608	-.YGC[+57.0214635]EGPSHGGLPGASSEK.-	sp|Q9WTK5|NFKB2_MOUSE	0.0480252032495231	0.1517596422684929	0.1517596422684929	0.0045662100456621	0.003389830508474576	0.0024859482777253466
2023_05_31_mouse_tcell_30FC+PRTC_100fmol_100ng_60k_PRM_50cm_wtrap_01.mzml:1622.2244:DTPPQGEESHSGDGSTLETER+3	1	12111	4.6650405	-2.3337398	0.9684608	0.0	1.0	0.0	4.0	4.710936	0.8488623	0.7629855	1.6963634	6.0	0.0	-0.5877178	0.0	10.0	6.1579504	4.0	0	21	0	0	1	0	743.6561193613807	2227.9465286837035	27.037073	-.DTPPQGEESHSGDGSTLETER.-	sp|Q8C156|CND2_MOUSE	0.0346728018888864	0.1480622350930824	0.1480622350930824	0.004081632653061225	0.003389830508474576	0.002485948277762912
2023_05_31_mouse_tcell_30FC+PRTC_100fmol_100ng_60k_PRM_50cm_wtrap_01.mzml:1626.3984:MAELC[+57.0214635]DSPREQDSESR+3	1	12142	14.059805	0.014951229	0.94725573	0.0	1.0	0.0	10.0	7.5406365	1.4176716	0.8237325	3.530774	9.0	4.0	-0.35148206	0.0	10.0	7.959296	6.0	1	16	0	0	1	0	637.2720063613808	1908.794189683704	27.10664	-.MAELC[+57.0214635]DSPREQDSESR.-	sp|O89110|CASP8_MOUSE	0.1275663884007584	0.1409474780931456	0.1409474780931456	0.030303030303030304	0.003389830508474576	0.002485948277818272
2023_05_31_mouse_tcell_30FC+PRTC_100fmol_100ng_60k_PRM_50cm_wtrap_01.mzml:1650.0702:ESTDVEPGVGR+2	1	12317	15.163344	61.20023	0.94975895	0.0	1.0	0.0	9.0	7.5568547	1.3147701	1.46435	5.316146	9.0	2.0	0.5051491	0.0	10.0	10.462332	7.0	0	11	0	1	0	0	573.2752923086648	1144.536031683704	27.50117	-.ESTDVEPGVGR.-	sp|Q8C147|DOCK8_MOUSE	0.1206187830165208	0.1432914865910547	0.1432914865910547	0.0196078431372549	0.003389830508474576	0.0024859482778854945
2023_05_31_mouse_tcell_30FC+PRTC_100fmol_100ng_60k_PRM_50cm_wtrap_01.mzml:1650.0702:ESTDVEPGVGR+2	1	12317	13.7462635	58.773476	0.951323	0.0	1.0	0.0	9.0	7.5568547	1.3147701	1.46435	5.316146	9.0	2.0	0.5051491	0.0	10.0	10.462332	7.0	0	11	0	1	0	0	573.2752923086648	1144.536031683704	27.50117	-.ESTDVEPGVGR.-	sp|Q8C147|DOCK8_MOUSE	0.1135639250660708	0.1458788630930015	0.1458788630930015	0.0136986301369863	0.003389830508474576	0.0024859482779586483
2023_05_31_mouse_tcell_30FC+PRTC_100fmol_100ng_60k_PRM_50cm_wtrap_01.mzml:1650.0702:ESTDVEPGVGR+2	1	12317	15.163344	61.20023	0.94975895	0.0	1.0	0.0	9.0	7.5568547	1.3147701	1.46435	5.316146	9.0	2.0	0.5051491	0.0	10.0	10.462332	7.0	0	11	0	1	0	0	573.2752923086648	1144.536031683704	27.50117	-.ESTDVEPGVGR.-	sp|Q8C147|DOCK8_MOUSE	0.1206187830165208	0.1422221471388827	0.1422221471388827	0.018867924528301886	0.003389830508474576	0.002485948278031802
2023_05_31_mouse_tcell_30FC+PRTC_100fmol_100ng_60k_PRM_50cm_wtrap_01.mzml:1650.0702:ESTDVEPGVGR+2	1	12317	13.889778	59.05492	0.95274127	0.0	1.0	0.0	9.0	7.5568547	1.3147701	1.46435	5.316146	9.0	2.0	0.5051491	0.0	10.0	10.462332	7.0	0	11	0	1	0	0	573.2752923086648	1144.536031683704	27.50117	-.ESTDVEPGVGR.-	sp|Q8C147|DOCK8_MOUSE	0.1142670925184408	0.1444336049433091	0.1444336049433091	0.014492753623188406	0.003389830508474576	0.0024859482780990247
2023_05_31_mouse_tcell_30FC+PRTC_100fmol_100ng_60k_PRM_50cm_wtrap_01.mzml:1658.5874:DREC[+57.0214635]ESYFK+2	1	12380	6.510318	0.12689018	0.9415915	0.97172093	1.0	1.0	10.0	5.681266	1.5022038	1.9819366	3.3525126	7.0	5.0	0.63736814	0.9744434	2.0437868	12.041769	4.0	1	9	0	1	0	0	617.2638658086647	1232.5131786837037	27.643124	-.DREC[+57.0214635]ESYFK.-	sp|P04187|GRAB_MOUSE	0.0375726947875807	0.1562233099062566	0.1562233099062566	0.00411522633744856	0.003389830508474576	0.0024859482781543845
2023_05_31_mouse_tcell_30FC+PRTC_100fmol_100ng_60k_PRM_50cm_wtrap_01.mzml:1720.4016:NMMAAC[+57.0214635]DPR+2	1	12837	6.496669	3.1380649	0.8610804	0.9608607	1.0	1.0	9.0	7.5063677	1.3398726	1.4925346	2.4640183	9.0	3.0	0.30936795	0.9259827	1.7755443	11.768065	6.0	0	9	0	1	0	0	533.2173548086647	1064.4201566837037	28.67336	-.NMMAAC[+57.0214635]DPR.-	sp|P68372|TBB4B_MOUSE;sp|P99024|TBB5_MOUSE;sp|Q7TMM9|TBB2A_MOUSE;sp|Q922F4|TBB6_MOUSE;sp|Q9CWF2|TBB2B_MOUSE;sp|Q9D6F9|TBB4A_MOUSE;sp|Q9ERD7|TBB3_MOUSE	0.0559818317490207	0.1474188236057545	0.1474188236057545	0.005025125628140704	0.003389830508474576	0.00248594827819195
2023_05_31_mouse_tcell_30FC+PRTC_100fmol_100ng_60k_PRM_50cm_wtrap_01.mzml:1766.5156:FVSNITR+2	1	13178	15.6391945	0.40979862	0.9213415	0.73960674	1.0	1.0	6.0	5.6332126	0.8949119	0.9929549	2.2226973	7.0	2.0	-0.71644974	0.9677716	4.884781	11.070406	6.0	0	7	0	1	0	0	418.7348773086648	835.4552016837036	29.441927	-.FVSNITR.-	sp|P13864|DNMT1_MOUSE	0.0697436748623108	0.1343841540029891	0.1343841540029891	0.0064516129032258064	0.003389830508474576	0.00248594827820579
2023_05_31_mouse_tcell_30FC+PRTC_100fmol_100ng_60k_PRM_50cm_wtrap_01.mzml:1792.6239:FNAHGDANTIVC[+57.0214635]NTK+3	1	13371	17.520233	6.1180544	0.9418397	0.9592845	1.0	1.0	10.0	8.5558405	1.8387176	2.2726345	5.018275	10.0	9.0	0.21167418	0.9995274	2.7080326	12.001697	5.0	0	15	0	0	1	0	554.5948613613808	1660.7627546837036	29.877066	-.FNAHGDANTIVC[+57.0214635]NTK.-	sp|P16045|LEG1_MOUSE	0.0984899077721264	0.1341500467930687	0.1341500467930687	0.011494252873563218	0.003389830508474576	0.0024859482782110583
2023_05_31_mouse_tcell_30FC+PRTC_100fmol_100ng_60k_PRM_50cm_wtrap_01.mzml:1826.8142:VETQNPSLSSPETK+2	1	13624	15.019283	0.25482082	0.91789937	0.812932	1.0	1.0	9.0	8.553608	1.084204	1.2839813	4.57034	10.0	1.0	0.45723465	0.7604771	-2.497205	9.775238	7.0	0	14	0	1	0	0	758.8781098086647	1515.7416666837037	30.446903	-.VETQNPSLSSPETK.-	sp|E9Q394|AKP13_MOUSE	0.1394566073295507	0.1421557674714129	0.1421557674714129	0.1111111111111111	0.003389830508474576	0.0024859482782253585
2023_05_31_mouse_tcell_30FC+PRTC_100fmol_100ng_60k_PRM_50cm_wtrap_01.mzml:1834.7919:MAELC[+57.0214635]DSPR+2	1	13683	15.017935	0.2544837	0.92795026	-0.019442007	1.0	1.0	10.0	7.5507426	1.6525301	1.72601	4.191395	9.0	5.0	0.019074105	0.0	10.0	10.304222	7.0	0	9	0	1	0	0	539.7364343086647	1077.4583156837036	30.579865	-.MAELC[+57.0214635]DSPR.-	sp|O89110|CASP8_MOUSE	0.1166103602388207	0.1428250923855323	0.1428250923855323	0.01639344262295082	0.003389830508474576	0.0024859482782464324
2023_05_31_mouse_tcell_30FC+PRTC_100fmol_100ng_60k_PRM_50cm_wtrap_01.mzml:1964.4852:FSESTPMGTSR+2	1	14642	17.363607	48.84051	0.96389	0.46048096	1.0	1.0	9.0	6.6021543	1.8285968	2.0105894	5.3689694	8.0	3.0	-1.366907	0.0	10.0	9.785137	7.0	0	11	0	1	0	0	600.2716953086648	1198.5288376837038	32.74142	-.FSESTPMGTSR.-	sp|Q9JL26|FMNL1_MOUSE	0.1365267026461708	0.140988359595392	0.140988359595392	0.07692307692307693	0.003389830508474576	0.002485948278272022
2023_05_31_mouse_tcell_30FC+PRTC_100fmol_100ng_60k_PRM_50cm_wtrap_01.mzml:1969.0979:VEIIANDQGNR+2	1	14676	16.852255	8.445918	0.956306	0.98239994	1.0	1.0	10.0	8.555935	2.0205417	2.3889084	5.042513	10.0	8.0	0.20518848	0.9992431	1.8930218	14.149001	7.0	0	11	0	1	0	0	614.8176583086647	1227.6207636837037	32.8183	-.VEIIANDQGNR.-	sp|P16627|HS71L_MOUSE;sp|P17156|HSP72_MOUSE;sp|P17879|HS71B_MOUSE;sp|P20029|BIP_MOUSE;sp|P63017|HSP7C_MOUSE;sp|Q61696|HS71A_MOUSE	0.1076309689713107	0.1417141091455591	0.1417141091455591	0.012658227848101266	0.003389830508474576	0.0024859482782998697
2023_05_31_mouse_tcell_30FC+PRTC_100fmol_100ng_60k_PRM_50cm_wtrap_01.mzml:1969.0979:VEIIANDQGNR+2	1	14676	16.860909	12.783125	0.9397829	0.9856585	1.0	1.0	10.0	8.555935	2.0205417	2.3889084	5.042513	10.0	8.0	0.20518848	0.9992431	1.8930218	14.149001	7.0	0	11	0	1	0	0	614.8176583086647	1227.6207636837037	32.8183	-.VEIIANDQGNR.-	sp|P16627|HS71L_MOUSE;sp|P17156|HSP72_MOUSE;sp|P17879|HS71B_MOUSE;sp|P20029|BIP_MOUSE;sp|P63017|HSP7C_MOUSE;sp|Q61696|HS71A_MOUSE	0.1074052527402108	0.1426052935542294	0.1426052935542294	0.012345679012345678	0.003389830508474576	0.002485948278327717
2023_05_31_mouse_tcell_30FC+PRTC_100fmol_100ng_60k_PRM_50cm_wtrap_01.mzml:1996.9487:DPPGPQPQASSSIR+2	1	14882	7.6744194	-1.5813951	0.92856425	0.9353688	1.0	1.0	10.0	5.696278	1.5634712	2.0453265	4.570777	7.0	5.0	0.56774276	0.9581806	1.9615266	10.454775	4.0	0	14	0	1	0	0	718.8600548086647	1435.7055566837037	33.28248	-.DPPGPQPQASSSIR.-	sp|O54824|IL16_MOUSE	0.0598061643609007	0.1431723328639744	0.1431723328639744	0.0053475935828877	0.003389830508474576	0.002485948278353307
2023_05_31_mouse_tcell_30FC+PRTC_100fmol_100ng_60k_PRM_50cm_wtrap_01.mzml:1998.4523:DPPGPQPQASSSIR+2	1	14893	8.328819	-1.4177952	0.94670326	0.94092673	1.0	1.0	10.0	5.6926956	1.6373786	2.588205	4.1159935	7.0	5.0	0.31246644	0.9581806	1.9615266	10.524139	4.0	0	14	0	1	0	0	718.8600548086647	1435.7055566837037	33.307537	-.DPPGPQPQASSSIR.-	sp|O54824|IL16_MOUSE	0.0605581207395008	0.1428087026394198	0.1428087026394198	0.005405405405405406	0.003389830508474576	0.002485948278374381
2023_05_31_mouse_tcell_30FC+PRTC_100fmol_100ng_60k_PRM_50cm_wtrap_01.mzml:2027.2385:YVVVSTPEK+2	1	15106	8.834728	-1.2913179	0.95124286	0.96182525	1.0	1.0	10.0	6.571599	1.3392272	1.4099629	2.895317	8.0	5.0	-0.40277886	0.8577734	-4.9679093	11.116616	6.0	0	9	0	1	0	0	511.2818533086648	1020.5491536837036	33.787308	-.YVVVSTPEK.-	sp|P18572|BASI_MOUSE	0.0699575966728007	0.133172292461476	0.133172292461476	0.006535947712418301	0.003389830508474576	0.0024859482783886806
2023_05_31_mouse_tcell_30FC+PRTC_100fmol_100ng_60k_PRM_50cm_wtrap_01.mzml:2027.2385:YVVVSTPEK+2	1	15106	8.924628	-1.2688429	0.9625677	0.9577244	1.0	1.0	9.0	6.571599	1.3392272	1.4099629	2.895317	8.0	5.0	-0.40277886	0.8577734	-4.9679093	11.116616	6.0	0	9	0	1	0	0	511.2818533086648	1020.5491536837036	33.787308	-.YVVVSTPEK.-	sp|P18572|BASI_MOUSE	0.0639389436725908	0.1464109144966572	0.1464109144966572	0.0055248618784530384	0.003389830508474576	0.0024859482783939494
2023_05_31_mouse_tcell_30FC+PRTC_100fmol_100ng_60k_PRM_50cm_wtrap_01.mzml:2108.1016:WNIDSSC[+57.0214635]K+2	1	15704	9.482484	-1.129379	0.9151096	0.0	1.0	0.0	8.0	6.577279	0.6212307	0.6725422	3.0721183	8.0	0.0	-0.23817848	0.0	10.0	9.293647	6.0	0	8	0	1	0	0	505.2240163086647	1008.4334796837036	35.135025	-.WNIDSSC[+57.0214635]K.-	sp|Q62351|TFR1_MOUSE	0.0776692175706307	0.1305503869804218	0.1305503869804218	0.007633587786259542	0.003389830508474576	0.0024859482783954607
2023_05_31_mouse_tcell_30FC+PRTC_100fmol_100ng_60k_PRM_50cm_wtrap_01.mzml:2109.6057:WNIDSSC[+57.0214635]K+2	1	15715	9.19785	-1.2005374	0.9501546	0.0	1.0	0.0	8.0	6.5891085	0.5081145	0.5623322	3.6013784	8.0	0.0	-0.46285933	0.0	10.0	9.35623	6.0	0	8	0	1	0	0	505.2240163086647	1008.4334796837036	35.160095	-.WNIDSSC[+57.0214635]K.-	sp|Q62351|TFR1_MOUSE	0.0747262135473807	0.1326600195560241	0.1326600195560241	0.0070921985815602835	0.003389830508474576	0.002485948278399606
2023_05_31_mouse_tcell_30FC+PRTC_100fmol_100ng_60k_PRM_50cm_wtrap_01.mzml:2129.21:LTPEEIER+2	1	15860	8.624622	15.456122	0.9540354	0.97851706	1.0	1.0	10.0	5.650228	1.5584605	1.5250392	2.4849389	7.0	6.0	0.24554771	0.980046	1.1921427	13.249747	6.0	0	8	0	1	0	0	493.7612893086647	985.5080256837036	35.48683	-.LTPEEIER.-	sp|P20029|BIP_MOUSE	0.0477753748954007	0.1572606090306939	0.1572606090306939	0.004484304932735426	0.003389830508474576	0.0024859482784057993
2023_05_31_mouse_tcell_30FC+PRTC_100fmol_100ng_60k_PRM_50cm_wtrap_01.mzml:2130.7136:LTPEEIER+2	1	15871	7.939236	0.6726353	0.94765913	0.98149353	1.0	1.0	10.0	5.661509	1.6350683	1.6514807	2.7156596	7.0	6.0	0.05482678	0.980046	1.1921427	13.188171	6.0	0	8	0	1	0	0	493.7612893086647	985.5080256837036	35.511894	-.LTPEEIER.-	sp|P20029|BIP_MOUSE	0.0475413525908907	0.1598198661566112	0.1598198661566112	0.0044444444444444444	0.003389830508474576	0.002485948278413455
2023_05_31_mouse_tcell_30FC+PRTC_100fmol_100ng_60k_PRM_50cm_wtrap_01.mzml:2163.5774:EAESSPFVER+2	1	16114	18.31111	1.0777774	0.95674694	0.9174304	1.0	1.0	10.0	7.5553994	1.954172	2.136672	4.9122524	9.0	9.0	0.27087873	0.9878761	3.0321524	12.852338	8.0	0	10	0	1	0	0	575.7723848086647	1149.5302166837037	36.059624	-.EAESSPFVER.-	sp|P08113|ENPL_MOUSE	0.1137255255888008	0.1449083309921816	0.1449083309921816	0.014084507042253521	0.003389830508474576	0.002485948278421989
2023_05_31_mouse_tcell_30FC+PRTC_100fmol_100ng_60k_PRM_50cm_wtrap_01.mzml:2165.3127:VRPEIINESGNPSYK+3	1	16127	13.015264	-0.24618411	0.9353281	0.7543136	1.0	1.0	9.0	7.547963	1.4726793	1.7797148	4.0573697	9.0	7.0	-0.507343	0.9312377	0.58855027	8.372643	5.0	0	15	0	0	1	0	568.2968060280475	1701.8685886837038	36.088547	-.VRPEIINESGNPSYK.-	sp|Q9CQU0|TXD12_MOUSE	0.085839763693893	0.1316765307149038	0.1316765307149038	0.008849557522123894	0.003389830508474576	0.0024859482784308157
2023_05_31_mouse_tcell_30FC+PRTC_100fmol_100ng_60k_PRM_50cm_wtrap_01.mzml:2292.595:EIVHIQAGQC[+57.0214635]GNQIGAK+3	1	17068	13.834191	-0.3817215	0.9319786	0.9517136	1.0	1.0	10.0	8.549296	1.5634241	3.422764	4.044371	10.0	5.0	-0.14264098	0.9964332	1.5709982	11.631693	5.0	0	17	0	0	1	0	608.3124660280474	1821.915568683704	38.209915	-.EIVHIQAGQC[+57.0214635]GNQIGAK.-	sp|P99024|TBB5_MOUSE;sp|Q7TMM9|TBB2A_MOUSE;sp|Q9CWF2|TBB2B_MOUSE;sp|Q9ERD7|TBB3_MOUSE	0.0916128493649131	0.1340262055523728	0.1340262055523728	0.009900990099009901	0.003389830508474576	0.0024859482784393492
2023_05_31_mouse_tcell_30FC+PRTC_100fmol_100ng_60k_PRM_50cm_wtrap_01.mzml:2292.595:EIVHLQAGQC[+57.0214635]GNQIGAK+3	1	17068	13.834191	-0.3817215	0.9319786	0.9517136	1.0	1.0	10.0	8.549296	1.5634241	3.422764	4.044371	10.0	5.0	-0.14264098	0.9964332	1.5709982	11.631693	5.0	0	17	0	0	1	0	608.3124660280474	1821.915568683704	38.209915	-.EIVHLQAGQC[+57.0214635]GNQIGAK.-	sp|P68372|TBB4B_MOUSE;sp|Q9D6F9|TBB4A_MOUSE	0.0916128493649131	0.132796607336296	0.132796607336296	0.009708737864077669	0.003389830508474576	0.0024859482784470054
2023_05_31_mouse_tcell_30FC+PRTC_100fmol_100ng_60k_PRM_50cm_wtrap_01.mzml:2313.4338:ENSSFSLAGNQQTR+2	1	17222	12.39669	-0.4008274	0.96440274	0.7925157	1.0	1.0	9.0	7.5574284	1.4023467	2.2038825	5.5351043	9.0	8.0	0.13432711	0.8053025	2.2523077	10.047669	8.0	0	14	0	1	0	0	769.8633253086648	1537.712097683704	38.55723	-.ENSSFSLAGNQQTR.-	sp|O35892|SP100_MOUSE	0.0893263148643407	0.1319024088651012	0.1319024088651012	0.009523809523809525	0.003389830508474576	0.002485948278453199
2023_05_31_mouse_tcell_30FC+PRTC_100fmol_100ng_60k_PRM_50cm_wtrap_01.mzml:2315.871:ISAASEEEAVGNGAATPK+2	1	17240	2.9145823	1.6400609	0.9156428	0.0	0.0	0.0	3.0	2.5203075	0.29747692	0.40496552	2.5093024	3.0	0.0	-0.11907978	0.0	10.0	5.2328596	3.0	0	18	0	1	0	0	851.4181308086646	1700.8217086837035	38.59785	-.ISAASEEEAVGNGAATPK.-	sp|E9Q394|AKP13_MOUSE	-0.0052807708308492	-0.0695301492728478	1e-20	0.003389830508474576	0.003389830508474576	0.0024859482784573435
2023_05_31_mouse_tcell_30FC+PRTC_100fmol_100ng_60k_PRM_50cm_wtrap_01.mzml:2399.9897:FLYDDNQR+2	1	17862	10.731485	-0.81712866	0.95180106	0.8999431	1.0	1.0	7.0	5.6941204	0.88876516	1.0201613	4.4579096	7.0	3.0	-0.55009747	0.95771617	3.2989607	10.496439	6.0	0	8	0	1	0	0	535.7487088086647	1069.4828646837036	39.99983	-.FLYDDNQR.-	sp|Q01320|TOP2A_MOUSE;sp|Q64511|TOP2B_MOUSE	0.0574021078818007	0.1395312776203771	0.1395312776203771	0.005291005291005291	0.003389830508474576	0.0024859482784588553
2023_05_31_mouse_tcell_30FC+PRTC_100fmol_100ng_60k_PRM_50cm_wtrap_01.mzml:2401.626:TILIEANR+2	1	17874	15.591735	0.39793372	0.9442259	0.2265924	1.0	1.0	8.0	6.5985136	0.37304452	0.5233423	4.442775	8.0	1.0	-0.0110653825	0.1314079	-4.09816	11.142351	6.0	0	8	0	1	0	0	465.2743668086647	928.5341806837037	40.0271	-.TILIEANR.-	sp|Q9JL26|FMNL1_MOUSE	0.1002721281293482	0.1354102243114275	0.1354102243114275	0.011764705882352941	0.003389830508474576	0.0024859482784593233
2023_05_31_mouse_tcell_30FC+PRTC_100fmol_100ng_60k_PRM_50cm_wtrap_01.mzml:2410.1414:IVGLQYK+2	1	17937	9.864512	-1.0338719	0.9345201	0.93718505	1.0	1.0	8.0	6.583634	0.9948518	1.2021497	3.3197749	8.0	5.0	-0.48008484	0.8975395	-1.6532637	10.920896	6.0	0	7	0	1	0	0	410.74999230866473	819.4854316837036	40.16902	-.IVGLQYK.-	sp|Q01320|TOP2A_MOUSE;sp|Q64511|TOP2B_MOUSE	0.0506607280792007	0.1429356256520305	0.1429356256520305	0.004830917874396135	0.003389830508474576	0.0024859482784606065
2023_05_31_mouse_tcell_30FC+PRTC_100fmol_100ng_60k_PRM_50cm_wtrap_01.mzml:2487.9858:SENVEGTPAEDGAEPGSLR+2	1	18512	15.892301	11.123101	0.9500738	0.9339212	1.0	1.0	9.0	7.5542035	1.6493924	2.544065	4.671417	9.0	7.0	-0.24388549	0.9977901	2.3751535	11.248854	6.0	0	19	0	1	0	0	957.9374158086646	1913.860278683704	41.46643	-.SENVEGTPAEDGAEPGSLR.-	sp|Q01320|TOP2A_MOUSE	0.1082523572941008	0.1413543177889911	0.1413543177889911	0.012987012987012988	0.003389830508474576	0.002485948278462524
2023_05_31_mouse_tcell_30FC+PRTC_100fmol_100ng_60k_PRM_50cm_wtrap_01.mzml:2488.9202:SENVEGTPAEDGAEPGSLR+2	1	18519	14.32674	3.4473114	0.96258277	0.93724036	1.0	1.0	9.0	7.5538692	1.6923344	3.12698	4.6134124	9.0	7.0	-0.29892153	0.9977901	2.3751535	11.219463	6.0	0	19	0	1	0	0	957.9374158086646	1913.860278683704	41.482002	-.SENVEGTPAEDGAEPGSLR.-	sp|Q01320|TOP2A_MOUSE	0.0980796797372507	0.1347529512911792	0.1347529512911792	0.011235955056179775	0.003389830508474576	0.0024859482784648935
2023_05_31_mouse_tcell_30FC+PRTC_100fmol_100ng_60k_PRM_50cm_wtrap_01.mzml:2522.889:AIGNIVTGTDEQTQK+2	1	18770	16.945646	0.7364116	0.94003963	0.9037508	1.0	1.0	10.0	7.551273	1.6548258	2.382993	4.334635	9.0	7.0	-0.09084952	0.9438452	-0.7735448	10.319736	6.0	0	15	0	1	0	0	787.9046603086648	1573.794767683704	42.04815	-.AIGNIVTGTDEQTQK.-	sp|P52293|IMA1_MOUSE	0.1202687852703408	0.1439580914599534	0.1439580914599534	0.01818181818181818	0.003389830508474576	0.0024859482784675355
2023_05_31_mouse_tcell_30FC+PRTC_100fmol_100ng_60k_PRM_50cm_wtrap_01.mzml:2524.091:AIGNIVTGTDEQTQK+2	1	18779	15.376947	0.34423685	0.9369769	0.9042853	1.0	1.0	10.0	8.553076	1.9466816	2.6773071	4.488101	10.0	8.0	0.250084	0.9438452	-0.7735448	10.445269	6.0	0	15	0	1	0	0	787.9046603086648	1573.794767683704	42.068184	-.AIGNIVTGTDEQTQK.-	sp|P52293|IMA1_MOUSE	0.1159808791923707	0.1454363405745601	0.1454363405745601	0.014925373134328358	0.003389830508474576	0.0024859482784702677
2023_05_31_mouse_tcell_30FC+PRTC_100fmol_100ng_60k_PRM_50cm_wtrap_01.mzml:2575.6218:LLTTQSEDTQGPGLK+2	1	19160	9.764788	-1.0588031	0.954991	0.9679359	1.0	1.0	9.0	6.5923915	1.6682379	2.6150968	3.8208284	8.0	8.0	0.39877447	0.9972154	3.0869799	10.72978	7.0	0	15	0	1	0	0	794.4148608086646	1586.8151686837034	42.92703	-.LLTTQSEDTQGPGLK.-	sp|O54824|IL16_MOUSE	0.0659692419289807	0.1427827428051911	0.1427827428051911	0.005780346820809248	0.003389830508474576	0.002485948278472909
2023_05_31_mouse_tcell_30FC+PRTC_100fmol_100ng_60k_PRM_50cm_wtrap_01.mzml:2575.6218:LLTTQSEDTQGPGLK+2	1	19160	9.764788	-1.0588031	0.954991	0.9679359	1.0	1.0	9.0	6.5923915	1.6682379	2.6150968	3.8208284	8.0	8.0	0.39877447	0.9972154	3.0869799	10.72978	7.0	0	15	0	1	0	0	794.4148608086646	1586.8151686837034	42.92703	-.LLTTQSEDTQGPGLK.-	sp|O54824|IL16_MOUSE	0.0659692419289807	0.1447658364552632	0.1447658364552632	0.005714285714285714	0.003389830508474576	0.0024859482784752793
2023_05_31_mouse_tcell_30FC+PRTC_100fmol_100ng_60k_PRM_50cm_wtrap_01.mzml:2579.9653:LLTTQSEDTQGPGLK+2	1	19192	10.416604	-0.895849	0.7987047	0.97518504	1.0	1.0	9.0	6.5873456	1.4993532	2.2703042	3.5013664	8.0	8.0	-0.022235245	0.9451224	3.2572732	10.011657	7.0	0	15	0	1	0	0	794.4148608086646	1586.8151686837034	42.999424	-.LLTTQSEDTQGPGLK.-	sp|O54824|IL16_MOUSE	0.0706988449471858	0.1329811607339923	0.1329811607339923	0.006622516556291391	0.003389830508474576	0.0024859482784771966
2023_05_31_mouse_tcell_30FC+PRTC_100fmol_100ng_60k_PRM_50cm_wtrap_01.mzml:2646.7622:NQLTSNPENTVFDAKR+3	1	19686	9.690609	11.4285965	0.924037	0.97208875	1.0	1.0	10.0	8.523624	1.7354203	2.4934142	2.8345072	10.0	7.0	-0.024941843	0.99806714	2.2202919	10.138585	4.0	1	16	0	0	1	0	611.9745063613808	1832.901689683704	44.112705	-.NQLTSNPENTVFDAKR.-	sp|P20029|BIP_MOUSE	0.0683061955665974	0.1332392456731159	0.1332392456731159	0.006369426751592357	0.003389830508474576	0.0024859482784784794
2023_05_31_mouse_tcell_30FC+PRTC_100fmol_100ng_60k_PRM_50cm_wtrap_01.mzml:2656.3875:LQLVPGHEGLR+3	1	19757	15.178591	0.2946477	0.9396662	0.86039126	1.0	1.0	10.0	8.555912	1.4657074	1.4162779	5.036613	10.0	8.0	-0.011216484	0.9824911	1.9633919	9.882887	5.0	0	11	0	0	1	0	406.9032953613808	1217.6880566837035	44.273125	-.LQLVPGHEGLR.-	sp|P13379|CD5_MOUSE	0.0957366116580144	0.1326875845786515	0.1326875845786515	0.01098901098901099	0.003389830508474576	0.0024859482784789473
2023_05_31_mouse_tcell_30FC+PRTC_100fmol_100ng_60k_PRM_50cm_wtrap_01.mzml:2731.8843:ADDGRPFPQVIK+3	1	20315	7.339267	0.023525953	0.946967	0.9760251	1.0	1.0	10.0	8.484501	1.5268439	1.1050671	2.144987	10.0	7.0	0.5326402	0.99966156	2.4536114	12.421344	5.0	0	12	0	0	1	0	448.2419766947141	1341.7041006837037	45.531406	-.ADDGRPFPQVIK.-	sp|P05064|ALDOA_MOUSE	0.0505089959495937	0.1450985701824692	0.1450985701824692	0.004784688995215311	0.003389830508474576	0.0024859482784790523
2023_05_31_mouse_tcell_30FC+PRTC_100fmol_100ng_60k_PRM_50cm_wtrap_01.mzml:2737.2925:LLEFQNDR+2	1	20355	11.698363	-0.5754092	0.9509504	0.91097045	1.0	1.0	9.0	6.5889125	1.386987	1.6579783	3.589735	8.0	6.0	0.2688674	0.98159695	3.5423274	11.689245	6.0	0	8	0	1	0	0	517.7669058086647	1033.5192586837036	45.62154	-.LLEFQNDR.-	sp|P29391|FRIL1_MOUSE	0.0646094003832207	0.1458326465792696	0.1458326465792696	0.00558659217877095	0.003389830508474576	0.002485948278479343
2023_05_31_mouse_tcell_30FC+PRTC_100fmol_100ng_60k_PRM_50cm_wtrap_01.mzml:2836.385:SGYLLPDTK+2	1	21088	12.172965	21.286575	0.9589759	0.98683345	1.0	1.0	10.0	8.537649	1.7826414	2.0305526	3.309685	10.0	5.0	0.35654384	0.9874462	2.1542623	12.925586	7.0	0	9	0	1	0	0	497.2662033086647	992.5178536837036	47.273083	-.SGYLLPDTK.-	sp|P08113|ENPL_MOUSE	0.0946863156357407	0.1323932554906816	0.1323932554906816	0.010752688172043012	0.003389830508474576	0.0024859482784797817
2023_05_31_mouse_tcell_30FC+PRTC_100fmol_100ng_60k_PRM_50cm_wtrap_01.mzml:2843.7017:TQQVIPMVK+2	1	21142	7.99592	16.196215	0.96582186	0.9680651	1.0	1.0	10.0	7.503491	1.4427335	1.8138211	2.4144566	9.0	7.0	0.812235	0.98022825	1.405217	12.727543	5.0	0	9	0	1	0	0	522.2995283086647	1042.5845036837036	47.395027	-.TQQVIPMVK.-	sp|P04187|GRAB_MOUSE	0.0407546267514307	0.1609807756681512	0.1609807756681512	0.0041841004184100415	0.003389830508474576	0.002485948278480332
2023_05_31_mouse_tcell_30FC+PRTC_100fmol_100ng_60k_PRM_50cm_wtrap_01.mzml:2860.3472:GILAADESTGSIAK+2	1	21265	17.778515	34.56472	0.90227133	0.9880825	1.0	1.0	10.0	8.556721	1.7160592	2.6995914	5.2712374	10.0	10.0	2.1383033	0.9995585	2.7278914	14.597934	7.0	0	14	0	1	0	0	666.8539068086646	1331.6932606837036	47.67245	-.GILAADESTGSIAK.-	sp|P05064|ALDOA_MOUSE	0.0923740726661007	0.1314874187499451	0.1314874187499451	0.010309278350515464	0.003389830508474576	0.0024859482784809566
2023_05_31_mouse_tcell_30FC+PRTC_100fmol_100ng_60k_PRM_50cm_wtrap_01.mzml:2957.2012:SQWEALC[+57.0214635]DSSAAR+2	1	21981	13.929577	-0.017605782	0.96999145	0.0	1.0	0.0	10.0	7.543081	1.4904388	1.631159	3.7917597	9.0	6.0	0.88275456	0.0	10.0	9.575163	8.0	0	13	0	1	0	0	740.8278973086648	1479.6412416837038	49.286686	-.SQWEALC[+57.0214635]DSSAAR.-	sp|P13379|CD5_MOUSE	0.1216173598414248	0.1423373544810749	0.1423373544810749	0.02040816326530612	0.003389830508474576	0.002485948278481618
2023_05_31_mouse_tcell_30FC+PRTC_100fmol_100ng_60k_PRM_50cm_wtrap_01.mzml:3003.342:GASFEEDSGGPLVC[+57.0214635]K+2	1	22322	5.9828835	-2.0042791	0.94632286	0.0	1.0	0.0	6.0	2.6894312	0.5326121	0.5283215	3.7511172	3.0	3.0	-0.55991733	0.0	10.0	6.143605	3.0	0	15	0	1	0	0	776.8510383086647	1551.6875236837036	50.055702	-.GASFEEDSGGPLVC[+57.0214635]K.-	sp|P08882|GRAC_MOUSE	0.0281131373020407	0.1432863127007236	0.1432863127007236	0.0038910505836575876	0.003389830508474576	0.0024859482784822793
2023_05_31_mouse_tcell_30FC+PRTC_100fmol_100ng_60k_PRM_50cm_wtrap_01.mzml:3046.8948:QILGVIDK+2	1	22644	6.476846	-1.8807884	0.94946766	0.7649943	1.0	1.0	9.0	5.6592937	1.1707681	1.2113842	2.671185	7.0	4.0	0.21408781	0.9773595	1.916579	9.948564	6.0	0	8	0	1	0	0	443.2738358086647	884.5331186837036	50.781578	-.QILGVIDK.-	sp|Q60865|CAPR1_MOUSE	0.0484678538920608	0.1472677099028001	0.1472677099028001	0.004651162790697674	0.003389830508474576	0.002485948278482904
2023_05_31_mouse_tcell_30FC+PRTC_100fmol_100ng_60k_PRM_50cm_wtrap_01.mzml:3057.4517:EAAGEGPVLYEDPPDQK+2	1	22722	9.855776	-1.036056	0.96430314	0.946284	1.0	1.0	9.0	6.5862656	1.6185865	3.056686	3.4990723	8.0	6.0	0.9583552	0.9950231	1.4253742	10.33194	6.0	0	17	0	1	0	0	907.9257848086648	1813.837016683704	50.957527	-.EAAGEGPVLYEDPPDQK.-	sp|P28352|APEX1_MOUSE	0.0752975516753108	0.1321890351633234	0.1321890351633234	0.007194244604316547	0.003389830508474576	0.0024859482784834537
2023_05_31_mouse_tcell_30FC+PRTC_100fmol_100ng_60k_PRM_50cm_wtrap_01.mzml:3095.879:DMGFTEEEFKR+3	1	23006	2.2903235	-0.79088306	0.9631302	-0.007024156	1.0	1.0	8.0	2.877235	0.3122223	0.50610256	1.1120886	4.0	1.0	0.30873808	0.0	10.0	7.463219	3.0	1	11	0	0	1	0	463.5432153613808	1387.6078166837035	51.59798	-.DMGFTEEEFKR.-	sp|P03958|ADA_MOUSE	0.0047918964675864	0.0445364495222735	0.0445364495222735	0.0035087719298245615	0.003389830508474576	0.0024859482784838926
2023_05_31_mouse_tcell_30FC+PRTC_100fmol_100ng_60k_PRM_50cm_wtrap_01.mzml:3095.879:DMGFTEEEFKR+3	1	23006	2.2800963	-0.25449228	0.97518253	-0.015147088	1.0	1.0	7.0	2.877235	0.3122223	0.50610256	1.1120886	4.0	1.0	0.30873808	0.0	10.0	7.463219	3.0	1	11	0	0	1	0	463.5432153613808	1387.6078166837035	51.59798	-.DMGFTEEEFKR.-	sp|P03958|ADA_MOUSE	-0.0017820026141435	-0.0216581856180517	1e-20	0.0034129692832764505	0.003389830508474576	0.002485948278484183
2023_05_31_mouse_tcell_30FC+PRTC_100fmol_100ng_60k_PRM_50cm_wtrap_01.mzml:3124.2998:IC[+57.0214635]DFGLAR+2	1	23216	7.8846016	-1.5288496	0.948229	0.7454953	1.0	1.0	7.0	6.5832705	1.3884561	1.4536837	3.3037279	8.0	4.0	-0.18059738	0.97318333	2.6255403	11.009325	6.0	0	8	0	1	0	0	476.2394703086648	950.4643876837036	52.071663	-.IC[+57.0214635]DFGLAR.-	sp|O54949|NLK_MOUSE;sp|P05532|KIT_MOUSE;sp|P05622|PGFRB_MOUSE;sp|P26618|PGFRA_MOUSE;sp|P35917|VGFR3_MOUSE;sp|P35918|VGFR2_MOUSE;sp|P35969|VGFR1_MOUSE;sp|P63085|MK01_MOUSE;sp|Q00342|FLT3_MOUSE;sp|Q63844|MK03_MOUSE	0.0483858213711908	0.1499011720911401	0.1499011720911401	0.004608294930875576	0.003389830508474576	0.0024859482784842886
2023_05_31_mouse_tcell_30FC+PRTC_100fmol_100ng_60k_PRM_50cm_wtrap_01.mzml:3178.144:FC[+57.0214635]LSC[+57.0214635]IR+2	1	23614	11.59608	-0.60098004	0.9344537	0.7970462	1.0	1.0	8.0	5.656478	1.346889	1.3893301	2.6054444	7.0	4.0	0.3367848	0.8926497	-0.7219276	10.11789	6.0	0	7	0	1	0	0	478.2280483086647	954.4415436837036	52.969067	-.FC[+57.0214635]LSC[+57.0214635]IR.-	sp|P13864|DNMT1_MOUSE	0.0733189727606508	0.1316408829111685	0.1316408829111685	0.006993006993006993	0.003389830508474576	0.002485948278484311
2023_05_31_mouse_tcell_30FC+PRTC_100fmol_100ng_60k_PRM_50cm_wtrap_01.mzml:3178.144:FC[+57.0214635]LSC[+57.0214635]IR+2	1	23614	11.59608	-0.60098004	0.9344537	0.7970462	1.0	1.0	8.0	5.656478	1.346889	1.3893301	2.6054444	7.0	4.0	0.3367848	0.8926497	-0.7219276	10.11789	6.0	0	7	0	1	0	0	478.2280483086647	954.4415436837036	52.969067	-.FC[+57.0214635]LSC[+57.0214635]IR.-	sp|P13864|DNMT1_MOUSE	0.0733189727606508	0.1331539965078485	0.1331539965078485	0.006896551724137931	0.003389830508474576	0.002485948278484373
2023_05_31_mouse_tcell_30FC+PRTC_100fmol_100ng_60k_PRM_50cm_wtrap_01.mzml:3190.8364:YQEVTNNLEFAK+2	1	23708	11.031089	13.607454	0.94810236	0.9476693	1.0	1.0	10.0	8.526936	1.4455692	1.7876154	2.9268737	10.0	7.0	-0.0340728	0.96295565	0.60068667	10.800636	8.0	0	12	0	1	0	0	728.3593518086647	1454.7041506837036	53.180607	-.YQEVTNNLEFAK.-	sp|Q60865|CAPR1_MOUSE	0.0937795003346507	0.1322960808292393	0.1322960808292393	0.010526315789473684	0.003389830508474576	0.0024859482784844672
2023_05_31_mouse_tcell_30FC+PRTC_100fmol_100ng_60k_PRM_50cm_wtrap_01.mzml:3195.0442:IVAPGKGILAADESTGSIAK+3	1	23739	10.316539	24.79974	0.93950593	0.96529096	1.0	1.0	10.0	8.533669	1.809422	3.1570876	3.1487598	10.0	10.0	-0.08079763	0.9982492	2.3827467	10.793539	6.0	1	20	0	0	1	0	633.3579576947141	1897.052043683704	53.250736	-.IVAPGKGILAADESTGSIAK.-	sp|P05064|ALDOA_MOUSE	0.0653992792337597	0.1455364242103385	0.1455364242103385	0.005649717514124294	0.003389830508474576	0.0024859482784845848
2023_05_31_mouse_tcell_30FC+PRTC_100fmol_100ng_60k_PRM_50cm_wtrap_01.mzml:3242.503:VFPNGLASQEGTIQK+2	1	24090	4.4417815	-0.41895008	0.9523458	-0.0201165	1.0	1.0	8.0	5.671938	0.8476159	0.911198	3.357041	7.0	2.0	-0.16234303	0.0	10.0	7.8751006	7.0	0	15	0	1	0	0	794.9201128086646	1587.8256726837035	54.041714	-.VFPNGLASQEGTIQK.-	sp|O54824|IL16_MOUSE	0.0660280721446407	0.1409788567412598	0.1409788567412598	0.005847953216374269	0.003389830508474576	0.0024859482784847183
2023_05_31_mouse_tcell_30FC+PRTC_100fmol_100ng_60k_PRM_50cm_wtrap_01.mzml:3245.5098:VFPNGLASQEGTIQK+2	1	24112	3.9876006	-2.5031	0.96145344	0.0	1.0	0.0	8.0	4.8307533	0.58989984	0.6521608	3.8497431	6.0	1.0	0.6355429	0.0	10.0	7.6394253	5.0	0	15	0	1	0	0	794.9201128086646	1587.8256726837035	54.09183	-.VFPNGLASQEGTIQK.-	sp|O54824|IL16_MOUSE	0.0542822028413907	0.1453658991345717	0.1453658991345717	0.004975124378109453	0.003389830508474576	0.0024859482784848597
2023_05_31_mouse_tcell_30FC+PRTC_100fmol_100ng_60k_PRM_50cm_wtrap_01.mzml:3245.5098:VFPNGLASQEGTIQK+2	1	24112	3.9876006	-2.5031	0.96145344	0.0	1.0	0.0	8.0	4.8307533	0.58989984	0.6521608	3.8497431	6.0	1.0	0.6355429	0.0	10.0	7.6394253	5.0	0	15	0	1	0	0	794.9201128086646	1587.8256726837035	54.09183	-.VFPNGLASQEGTIQK.-	sp|O54824|IL16_MOUSE	0.0542822028413907	0.1478722077403402	0.1478722077403402	0.0049261083743842365	0.003389830508474576	0.002485948278485001
2023_05_31_mouse_tcell_30FC+PRTC_100fmol_100ng_60k_PRM_50cm_wtrap_01.mzml:3294.3477:NSTEC[+57.0214635]TLILTEGDSAK+2	1	24473	14.965779	0.24144483	0.9419128	0.9530491	1.0	1.0	10.0	8.554428	2.0984368	2.5150585	4.712249	10.0	10.0	0.58362406	0.9447481	0.74931043	10.2755375	9.0	0	16	0	1	0	0	869.9118243086649	1737.809095683704	54.905796	-.NSTEC[+57.0214635]TLILTEGDSAK.-	sp|Q01320|TOP2A_MOUSE	0.1275848048222707	0.1399888830688803	0.1399888830688803	0.03225806451612903	0.003389830508474576	0.0024859482784851347
2023_05_31_mouse_tcell_30FC+PRTC_100fmol_100ng_60k_PRM_50cm_wtrap_01.mzml:3374.034:FTSFSVYC[+57.0214635]SR+2	1	25062	7.146178	-1.7134556	0.96227205	0.27752832	1.0	1.0	7.0	5.548202	0.8095544	0.98889285	1.5366001	7.0	1.0	0.18922272	0.0	10.0	9.1076145	7.0	0	10	0	1	0	0	627.2846013086646	1252.5546496837037	56.2339	-.FTSFSVYC[+57.0214635]SR.-	sp|P13864|DNMT1_MOUSE	0.0606310373025807	0.1408779984383492	0.1408779984383492	0.00546448087431694	0.003389830508474576	0.002485948278485252
2023_05_31_mouse_tcell_30FC+PRTC_100fmol_100ng_60k_PRM_50cm_wtrap_01.mzml:3381.0771:GINSNNLESQLQATQAAR+2	1	25114	15.962689	0.49067235	0.92442703	0.7348514	1.0	1.0	10.0	7.5503883	0.2064991	0.19565596	4.778693	9.0	0.0	-0.33021122	0.652003	3.9985824	9.415515	9.0	0	18	0	1	0	0	957.9850348086646	1913.9555166837035	56.351284	-.GINSNNLESQLQATQAAR.-	sp|P52293|IMA1_MOUSE	0.1573536439478808	0.159370998357469	0.159370998357469	0.14285714285714285	0.003389830508474576	0.0024859482784853463
2023_05_31_mouse_tcell_30FC+PRTC_100fmol_100ng_60k_PRM_50cm_wtrap_01.mzml:3382.1453:GINSNNLESQLQATQAAR+2	1	25122	15.922469	0.48061728	0.96041775	0.7347696	1.0	1.0	10.0	8.552155	0.25207913	0.25688273	4.360035	10.0	0.0	-0.06915627	0.99590504	0.9890065	9.627573	10.0	0	18	0	1	0	0	957.9850348086646	1913.9555166837035	56.369087	-.GINSNNLESQLQATQAAR.-	sp|P52293|IMA1_MOUSE	0.1650448706779608	0.1660961118924701	0.1660961118924701	0.2	0.003389830508474576	0.0024859482784854083
2023_05_31_mouse_tcell_30FC+PRTC_100fmol_100ng_60k_PRM_50cm_wtrap_01.mzml:3404.855:SKESVPDFPLSPPK+3	1	25290	9.988643	34.603264	0.9762287	0.91006577	1.0	1.0	9.0	8.537334	1.4409683	1.8124883	3.2959242	10.0	8.0	0.17273197	0.9651781	1.5426838	10.917768	5.0	1	14	0	0	1	0	509.9399626947141	1526.7980586837036	56.74758	-.SKESVPDFPLSPPK.-	sp|P54227|STMN1_MOUSE	0.0565243713280798	0.1440459785457517	0.1440459785457517	0.005128205128205128	0.003389830508474576	0.002485948278485431
2023_05_31_mouse_tcell_30FC+PRTC_100fmol_100ng_60k_PRM_50cm_wtrap_01.mzml:3406.2249:SKESVPDFPLSPPK+3	1	25300	9.285387	29.844925	0.98489934	0.88165027	1.0	1.0	9.0	8.529284	1.4056839	1.8624088	2.9984052	10.0	8.0	0.4361853	0.9651781	1.5426838	10.994949	5.0	1	14	0	0	1	0	509.9399626947141	1526.7980586837036	56.770412	-.SKESVPDFPLSPPK.-	sp|P54227|STMN1_MOUSE	0.0509564865305098	0.1412478047687815	0.1412478047687815	0.004878048780487805	0.003389830508474576	0.002485948278485433
2023_05_31_mouse_tcell_30FC+PRTC_100fmol_100ng_60k_PRM_50cm_wtrap_01.mzml:3451.6975:FFLQDPR+2	1	25636	8.642819	-1.3392951	0.97063476	0.96914566	1.0	1.0	7.0	5.6835427	1.1479716	1.2533494	3.4737806	7.0	4.0	0.67241526	0.9895049	1.8522946	11.028983	6.0	0	7	0	1	0	0	461.7427028086647	921.4708526837036	57.528294	-.FFLQDPR.-	sp|Q3U7R1|ESYT1_MOUSE	0.0430332555835107	0.1581221949347602	0.1581221949347602	0.004291845493562232	0.003389830508474576	0.0024859482784854395
2023_05_31_mouse_tcell_30FC+PRTC_100fmol_100ng_60k_PRM_50cm_wtrap_01.mzml:3462.2678:MIEEAGAIISTR+2	1	25714	8.409522	-1.3976195	0.89516467	0.0	1.0	0.0	7.0	3.3217385	0.7827911	0.8850656	3.190332	4.0	3.0	1.3109902	0.0	10.0	7.050204	4.0	0	12	0	1	0	0	645.8397453086646	1289.6649376837036	57.704464	-.MIEEAGAIISTR.-	sp|Q91V12|BACH_MOUSE	0.0479881063209407	0.154737159157319	0.154737159157319	0.004524886877828055	0.003389830508474576	0.0024859482784854495
2023_05_31_mouse_tcell_30FC+PRTC_100fmol_100ng_60k_PRM_50cm_wtrap_01.mzml:3463.4688:MIEEAGAIISTR+2	1	25723	7.628435	-1.5928912	0.9239189	0.0	1.0	0.0	7.0	4.8365765	1.1630802	1.302581	4.053259	6.0	4.0	-0.7656077	0.0	10.0	7.6701684	5.0	0	12	0	1	0	0	645.8397453086646	1289.6649376837036	57.72448	-.MIEEAGAIISTR.-	sp|Q91V12|BACH_MOUSE	0.0570755014755707	0.1409051442678151	0.1409051442678151	0.005235602094240838	0.003389830508474576	0.002485948278485462
2023_05_31_mouse_tcell_30FC+PRTC_100fmol_100ng_60k_PRM_50cm_wtrap_01.mzml:3463.4688:MIEEAGAIISTR+2	1	25723	7.5724325	-1.6068919	0.92212397	0.0	1.0	0.0	7.0	4.8365765	1.1630802	1.302581	4.053259	6.0	4.0	-0.7656077	0.0	10.0	7.6701684	5.0	0	12	0	1	0	0	645.8397453086646	1289.6649376837036	57.72448	-.MIEEAGAIISTR.-	sp|Q91V12|BACH_MOUSE	0.0567998559831407	0.1424504324656544	0.1424504324656544	0.0051813471502590676	0.003389830508474576	0.002485948278485477
2023_05_31_mouse_tcell_30FC+PRTC_100fmol_100ng_60k_PRM_50cm_wtrap_01.mzml:3466.0417:MIEEAGAIISTR+2	1	25742	8.694304	29.058664	0.84092623	0.0	1.0	0.0	7.0	4.0514436	0.87089914	1.0489132	3.8430135	5.0	4.0	-1.3056966	0.0	10.0	6.9954414	4.0	0	12	0	1	0	0	645.8397453086646	1289.6649376837036	57.76736	-.MIEEAGAIISTR.-	sp|Q91V12|BACH_MOUSE	0.0492317953147808	0.1467664841459503	0.1467664841459503	0.004694835680751174	0.003389830508474576	0.002485948278485493
2023_05_31_mouse_tcell_30FC+PRTC_100fmol_100ng_60k_PRM_50cm_wtrap_01.mzml:3542.7554:YPFTAQVDSPVK+2	1	26309	7.4307966	-1.6423008	0.92510366	0.0	1.0	0.0	5.0	3.9952211	0.6669396	0.8803712	2.1921647	5.0	0.0	-0.34270242	0.0	10.0	7.1670837	4.0	0	12	0	1	0	0	676.3482563086646	1350.6819596837036	59.04592	-.YPFTAQVDSPVK.-	sp|P56203|CATW_MOUSE	0.0459639405310707	0.1578761435632428	0.1578761435632428	0.004405286343612335	0.003389830508474576	0.0024859482784855094
2023_05_31_mouse_tcell_30FC+PRTC_100fmol_100ng_60k_PRM_50cm_wtrap_01.mzml:3582.017:DLSLEEIQK+2	1	26599	13.681024	39.162964	0.9478873	0.9745769	1.0	1.0	10.0	6.5917864	1.6391162	1.7830418	3.7764528	8.0	7.0	1.2833539	0.9861148	0.7410339	13.020044	6.0	0	9	0	1	0	0	537.7875038086648	1073.560454683704	59.700283	-.DLSLEEIQK.-	sp|P54227|STMN1_MOUSE;sp|P55821|STMN2_MOUSE	0.0786400816484707	0.129428467713108	0.129428467713108	0.007874015748031496	0.003389830508474576	0.0024859482784855263
2023_05_31_mouse_tcell_30FC+PRTC_100fmol_100ng_60k_PRM_50cm_wtrap_01.mzml:3651.7007:IFIIQAC[+57.0214635]R+2	1	27114	19.856949	1.4642372	0.9473853	0.9286044	1.0	1.0	10.0	7.550852	1.5129886	1.5886358	4.203479	9.0	6.0	0.37119162	0.861866	-0.5431343	11.304049	7.0	0	8	0	1	0	0	510.7865878086648	1019.5586226837036	60.86168	-.IFIIQAC[+57.0214635]R.-	sp|O08738|CASP6_MOUSE	0.1339873105279308	0.1392762833119281	0.1392762833119281	0.06666666666666667	0.003389830508474576	0.0024859482784855423
2023_05_31_mouse_tcell_30FC+PRTC_100fmol_100ng_60k_PRM_50cm_wtrap_01.mzml:3651.7007:IFIIQAC[+57.0214635]R+2	1	27114	17.782763	0.94569063	0.9451738	0.9233815	1.0	1.0	10.0	7.550852	1.5129886	1.5886358	4.203479	9.0	6.0	0.37119162	0.861866	-0.5431343	11.304049	7.0	0	8	0	1	0	0	510.7865878086648	1019.5586226837036	60.86168	-.IFIIQAC[+57.0214635]R.-	sp|O08738|CASP6_MOUSE	0.1234398067546708	0.1403128738650214	0.1403128738650214	0.024390243902439025	0.003389830508474576	0.002485948278485557
2023_05_31_mouse_tcell_30FC+PRTC_100fmol_100ng_60k_PRM_50cm_wtrap_01.mzml:3651.7007:LFIIQAC[+57.0214635]R+2	1	27114	19.846817	1.4617043	0.9473853	0.9286044	1.0	1.0	10.0	7.550857	1.5129886	1.5886358	4.2040496	9.0	6.0	0.37119162	0.861866	-0.5431343	11.304049	7.0	0	8	0	1	0	0	510.7865878086648	1019.5586226837036	60.86168	-.LFIIQAC[+57.0214635]R.-	sp|P70677|CASP3_MOUSE	0.1339366825941308	0.1401456678799514	0.1401456678799514	0.058823529411764705	0.003389830508474576	0.0024859482784855697
2023_05_31_mouse_tcell_30FC+PRTC_100fmol_100ng_60k_PRM_50cm_wtrap_01.mzml:3651.7007:LFIIQAC[+57.0214635]R+2	1	27114	17.7737	0.9434252	0.9451738	0.9233815	1.0	1.0	10.0	7.550857	1.5129886	1.5886358	4.2040496	9.0	6.0	0.37119162	0.861866	-0.5431343	11.304049	7.0	0	8	0	1	0	0	510.7865878086648	1019.5586226837036	60.86168	-.LFIIQAC[+57.0214635]R.-	sp|P70677|CASP3_MOUSE	0.1233946226853307	0.1412779013353786	0.1412779013353786	0.023255813953488372	0.003389830508474576	0.0024859482784855796
2023_05_31_mouse_tcell_30FC+PRTC_100fmol_100ng_60k_PRM_50cm_wtrap_01.mzml:3652.9019:IFIIQAC[+57.0214635]R+2	1	27123	18.683256	1.170814	0.95264727	0.9493522	1.0	1.0	10.0	7.5518475	1.463825	1.5315571	4.3207846	9.0	7.0	0.73158777	0.861866	-3.0524764	11.312643	7.0	0	8	0	1	0	0	510.7865878086648	1019.5586226837036	60.8817	-.IFIIQAC[+57.0214635]R.-	sp|O08738|CASP6_MOUSE	0.1232712118721508	0.1421667990934293	0.1421667990934293	0.022222222222222223	0.003389830508474576	0.002485948278485586
2023_05_31_mouse_tcell_30FC+PRTC_100fmol_100ng_60k_PRM_50cm_wtrap_01.mzml:3652.9019:LFIIQAC[+57.0214635]R+2	1	27123	18.671486	1.1678715	0.95264727	0.9493522	1.0	1.0	10.0	7.5518694	1.463825	1.5315571	4.323511	9.0	7.0	0.73158777	0.861866	-3.0524764	11.312643	7.0	0	8	0	1	0	0	510.7865878086648	1019.5586226837036	60.8817	-.LFIIQAC[+57.0214635]R.-	sp|P70677|CASP3_MOUSE	0.1232158932194508	0.1431478759461266	0.1431478759461266	0.02127659574468085	0.003389830508474576	0.0024859482784855883
2023_05_31_mouse_tcell_30FC+PRTC_100fmol_100ng_60k_PRM_50cm_wtrap_01.mzml:3675.4924:KLAVNMVPFPR+3	1	27290	18.416973	57.12295	0.9290336	0.94328463	1.0	1.0	9.0	8.558237	1.4303004	1.3881174	5.959525	10.0	6.0	-0.16586402	0.99862117	2.7920358	10.028495	5.0	1	11	0	0	1	0	424.5812760280474	1270.7219986837035	61.258205	-.KLAVNMVPFPR.-	sp|A2AQ07|TBB1_MOUSE;sp|P68372|TBB4B_MOUSE;sp|P99024|TBB5_MOUSE;sp|Q7TMM9|TBB2A_MOUSE;sp|Q922F4|TBB6_MOUSE;sp|Q9CWF2|TBB2B_MOUSE;sp|Q9D6F9|TBB4A_MOUSE;sp|Q9ERD7|TBB3_MOUSE	0.1162750295873831	0.1446571234236734	0.1446571234236734	0.015384615384615385	0.003389830508474576	0.0024859482784855887
2023_05_31_mouse_tcell_30FC+PRTC_100fmol_100ng_60k_PRM_50cm_wtrap_01.mzml:3764.305:GQNEDPGSLLTQFRR+3	1	27946	12.118708	-0.4703231	0.9602873	0.8194592	1.0	1.0	8.0	4.843869	0.7586563	0.26671308	4.0461116	6.0	2.0	-0.75795734	0.89500374	3.9210393	8.390879	4.0	1	15	0	0	1	0	573.2920586947142	1716.854346683704	62.738415	-.GQNEDPGSLLTQFRR.-	sp|P10852|4F2_MOUSE	0.0821300312367997	0.1310762114688318	0.1310762114688318	0.008264462809917356	0.003389830508474576	0.002485948278485589
2023_05_31_mouse_tcell_30FC+PRTC_100fmol_100ng_60k_PRM_50cm_wtrap_01.mzml:3764.305:GQNEDPGSLLTQFRR+3	1	27946	12.118708	-0.4703231	0.9602873	0.8194592	1.0	1.0	8.0	4.843869	0.7586563	0.26671308	4.0461116	6.0	2.0	-0.75795734	0.89500374	3.9210393	8.390879	4.0	1	15	0	0	1	0	573.2920586947142	1716.854346683704	62.738415	-.GQNEDPGSLLTQFRR.-	sp|P10852|4F2_MOUSE	0.0821300312367997	0.1324137238307587	0.1324137238307587	0.008130081300813009	0.003389830508474576	0.0024859482784855896
2023_05_31_mouse_tcell_30FC+PRTC_100fmol_100ng_60k_PRM_50cm_wtrap_01.mzml:3765.8118:GQNEDPGSLLTQFRR+3	1	27957	11.0710335	-0.73224163	0.9745043	0.82259786	1.0	1.0	8.0	6.5981774	0.57854444	0.5062508	4.3989477	8.0	1.0	-0.42495447	0.89500374	3.9210393	8.621694	5.0	1	15	0	0	1	0	573.2920586947142	1716.854346683704	62.76353	-.GQNEDPGSLLTQFRR.-	sp|P10852|4F2_MOUSE	0.0869663742915297	0.130863687029159	0.130863687029159	0.009174311926605505	0.003389830508474576	0.0024859482784855905
2023_05_31_mouse_tcell_30FC+PRTC_100fmol_100ng_60k_PRM_50cm_wtrap_01.mzml:3765.8118:GQNEDPGSLLTQFRR+3	1	27957	11.097043	-0.72573924	0.97558135	0.82611376	1.0	1.0	8.0	6.5981774	0.57854444	0.5062508	4.3989477	8.0	1.0	-0.42495447	0.89500374	3.9210393	8.621694	5.0	1	15	0	0	1	0	573.2920586947142	1716.854346683704	62.76353	-.GQNEDPGSLLTQFRR.-	sp|P10852|4F2_MOUSE	0.0870907256075997	0.1298144777924599	0.1298144777924599	0.009345794392523364	0.003389830508474576	0.0024859482784855913
2023_05_31_mouse_tcell_30FC+PRTC_100fmol_100ng_60k_PRM_50cm_wtrap_01.mzml:3769.7197:FLLNNEIPK+2	1	27986	4.9528065	-2.2617984	0.94201815	0.45047292	1.0	1.0	6.0	5.637927	1.0803721	1.4310626	2.290546	7.0	3.0	-0.83668673	0.45616046	3.7421312	9.36119	6.0	0	9	0	1	0	0	544.3109488086648	1086.6073446837038	62.828663	-.FLLNNEIPK.-	sp|O89110|CASP8_MOUSE	0.0330203252639507	0.1490631826201203	0.1490631826201203	0.004016064257028112	0.003389830508474576	0.002485948278485592
2023_05_31_mouse_tcell_30FC+PRTC_100fmol_100ng_60k_PRM_50cm_wtrap_01.mzml:3793.0103:SFVLNLGK+2	1	28158	11.369964	-0.31219578	0.96140033	0.9810721	1.0	1.0	10.0	7.5380926	1.0642488	1.1041559	3.3294508	9.0	6.0	0.8117596	0.9909625	2.1412127	13.697722	7.0	0	8	0	1	0	0	439.2607278086648	876.5069026837036	63.21684	-.SFVLNLGK.-	sp|P16045|LEG1_MOUSE	0.0675254691853607	0.1350509383707214	0.1350509383707214	0.006211180124223602	0.003389830508474576	0.0024859482784855935
2023_05_31_mouse_tcell_30FC+PRTC_100fmol_100ng_60k_PRM_50cm_wtrap_01.mzml:3836.6995:GPLTSC[+57.0214635]DFDLR+2	1	28481	10.294478	-0.9263804	0.9400159	0.0	1.0	0.0	8.0	6.5985217	1.6801301	2.2708828	4.442877	8.0	7.0	-0.059774105	0.0	10.0	9.797751	5.0	0	11	0	1	0	0	640.8006203086646	1279.5866876837035	63.944992	-.GPLTSC[+57.0214635]DFDLR.-	sp|Q8C147|DOCK8_MOUSE	0.0663556826327057	0.1397893047462333	0.1397893047462333	0.005917159763313609	0.003389830508474576	0.0024859482784855944
2023_05_31_mouse_tcell_30FC+PRTC_100fmol_100ng_60k_PRM_50cm_wtrap_01.mzml:3934.629:VTSLTAC[+57.0214635]LVNQNLR+3	1	29205	22.946247	2.2365618	0.9548317	0.94953036	1.0	1.0	10.0	9.593237	1.9054637	2.2067845	4.3204355	11.0	9.0	-0.5968092	0.9350557	1.8821446	9.894731	9.0	0	14	0	0	1	0	530.2873686947141	1587.8402766837037	65.57715	-.VTSLTAC[+57.0214635]LVNQNLR.-	sp|P01831|THY1_MOUSE	0.1668792777719198	0.1668792777719198	0.1668792777719198	0.3333333333333333	0.003389830508474576	0.0024859482784855952
2023_05_31_mouse_tcell_30FC+PRTC_100fmol_100ng_60k_PRM_50cm_wtrap_01.mzml:3953.7217:IMNTFSVVPSPK+2	1	29346	7.5708103	8.407148	0.9476251	0.98406893	1.0	1.0	10.0	8.476107	2.1241848	2.5610836	2.0486264	10.0	8.0	0.7199758	0.9986035	3.296806	12.774006	9.0	0	12	0	1	0	0	660.3550308086648	1318.6955086837038	65.89536	-.IMNTFSVVPSPK.-	sp|P68372|TBB4B_MOUSE;sp|P99024|TBB5_MOUSE;sp|Q9D6F9|TBB4A_MOUSE;sp|Q9ERD7|TBB3_MOUSE	0.0777468547412208	0.1293052952538198	0.1293052952538198	0.007751937984496124	0.003389830508474576	0.002485948278485596
2023_05_31_mouse_tcell_30FC+PRTC_100fmol_100ng_60k_PRM_50cm_wtrap_01.mzml:4072.4268:FQSVESGANNVVFIR+2	1	30223	6.7117825	-1.8220544	0.9442456	0.0	1.0	0.0	6.0	4.8180604	0.7765089	0.8965376	3.3913245	6.0	5.0	-0.9734094	0.69762415	-0.6067727	7.5391345	5.0	0	15	0	1	0	0	833.9310108086647	1665.8474686837037	67.87378	-.FQSVESGANNVVFIR.-	sp|Q99J36|THUM1_MOUSE	0.0441292723761708	0.1584642053507951	0.1584642053507951	0.004329004329004329	0.003389830508474576	0.002485948278485597
2023_05_31_mouse_tcell_30FC+PRTC_100fmol_100ng_60k_PRM_50cm_wtrap_01.mzml:4076.7727:AILSTKPPGTFLLR+3	1	30255	8.003225	-1.4991937	0.9624399	0.53790957	1.0	1.0	4.0	3.3630009	0.35853416	0.53775996	4.459991	4.0	1.0	-1.5374106	0.9553498	1.7827976	6.7261887	2.0	0	14	0	0	1	0	505.3082100280474	1512.9028006837036	67.94621	-.AILSTKPPGTFLLR.-	sp|P42227|STAT3_MOUSE	0.0207926164051631	0.1216753108153988	0.1216753108153988	0.0037735849056603774	0.003389830508474576	0.002485948278485598
2023_05_31_mouse_tcell_30FC+PRTC_100fmol_100ng_60k_PRM_50cm_wtrap_01.mzml:4653.949:AVLVDLEPGTMDSVR+2	1	34516	19.426783	1.3566957	0.94817656	0.98361254	1.0	1.0	10.0	7.556759	1.6655028	2.5872865	5.432612	9.0	7.0	-0.48806873	0.9858927	1.1040238	10.6443405	5.0	0	15	0	1	0	0	801.4138058086648	1600.813058683704	77.56582	-.AVLVDLEPGTMDSVR.-	sp|P68372|TBB4B_MOUSE;sp|Q9D6F9|TBB4A_MOUSE	0.1323878784601407	0.1394485653113482	0.1394485653113482	0.05263157894736842	0.003389830508474576	0.0024859482784855983
2023_05_31_mouse_tcell_30FC+PRTC_100fmol_100ng_60k_PRM_50cm_wtrap_01.mzml:4543.317:GQNEDPGSLLTQFR+2	1	33700	18.60454	1.151135	0.9606089	0.96487206	1.0	1.0	10.0	7.5563536	1.9673767	2.878514	5.1578603	9.0	8.0	-0.43712008	0.994202	1.2007698	10.714835	6.0	0	14	0	1	0	0	781.3838943086648	1560.753235683704	75.72195	-.GQNEDPGSLLTQFR.-	sp|P10852|4F2_MOUSE	0.1310926578484308	0.1399502698652166	0.1399502698652166	0.043478260869565216	0.003389830508474576	0.0024859482784855983
2023_05_31_mouse_tcell_30FC+PRTC_100fmol_100ng_60k_PRM_50cm_wtrap_01.mzml:4574.0977:LAVNMVPFPR+2	1	33927	20.154371	1.482399	0.94016165	0.98754776	1.0	1.0	10.0	8.556757	1.691774	2.0483441	5.2831006	10.0	8.0	-0.07559735	0.9733486	1.1209581	13.137402	7.0	0	10	0	1	0	0	572.3207943086647	1142.6270356837038	76.23496	-.LAVNMVPFPR.-	sp|A2AQ07|TBB1_MOUSE;sp|P68372|TBB4B_MOUSE;sp|P99024|TBB5_MOUSE;sp|Q7TMM9|TBB2A_MOUSE;sp|Q922F4|TBB6_MOUSE;sp|Q9CWF2|TBB2B_MOUSE;sp|Q9D6F9|TBB4A_MOUSE;sp|Q9ERD7|TBB3_MOUSE	0.1296085441761708	0.1393071427199659	0.1393071427199659	0.04	0.003389830508474576	0.0024859482784855983
2023_05_31_mouse_tcell_30FC+PRTC_100fmol_100ng_60k_PRM_50cm_wtrap_01.mzml:4574.0977:LAVNMVPFPR+2	1	33927	20.154371	1.482399	0.94016165	0.98754776	1.0	1.0	10.0	8.556757	1.691774	2.0483441	5.2831006	10.0	8.0	-0.07559735	0.9733486	1.1209581	13.137402	7.0	0	10	0	1	0	0	572.3207943086647	1142.6270356837038	76.23496	-.LAVNMVPFPR.-	sp|A2AQ07|TBB1_MOUSE;sp|P68372|TBB4B_MOUSE;sp|P99024|TBB5_MOUSE;sp|Q7TMM9|TBB2A_MOUSE;sp|Q922F4|TBB6_MOUSE;sp|Q9CWF2|TBB2B_MOUSE;sp|Q9D6F9|TBB4A_MOUSE;sp|Q9ERD7|TBB3_MOUSE	0.1296085441761708	0.1402613012317464	0.1402613012317464	0.037037037037037035	0.003389830508474576	0.0024859482784855983
2023_05_31_mouse_tcell_30FC+PRTC_100fmol_100ng_60k_PRM_50cm_wtrap_01.mzml:4586.0396:ATYSTNSPVWEEAFR+2	1	34015	15.340984	0.3352461	0.9599949	0.89603037	1.0	1.0	9.0	6.599958	1.8154211	1.9897785	5.2153845	8.0	8.0	-0.4610757	0.92750347	0.1878039	8.801469	8.0	0	15	0	1	0	0	879.4101043086647	1756.8056556837037	76.43399	-.ATYSTNSPVWEEAFR.-	sp|Q3U7R1|ESYT1_MOUSE	0.1279004058486608	0.1393673387868166	0.1393673387868166	0.034482758620689655	0.003389830508474576	0.0024859482784855983
2023_05_31_mouse_tcell_30FC+PRTC_100fmol_100ng_60k_PRM_50cm_wtrap_01.mzml:4137.257:ELILFSNSDNER+2	1	30702	15.826298	46.286087	0.9523619	0.9600145	1.0	1.0	10.0	8.555424	2.230214	2.6999416	4.9178996	10.0	8.0	0.06224245	0.97899795	1.6987884	10.785174	7.0	0	12	0	1	0	0	718.8544368086647	1435.6943206837036	68.95428	-.ELILFSNSDNER.-	sp|Q01320|TOP2A_MOUSE;sp|Q64511|TOP2B_MOUSE	0.1245662192063207	0.1386018495394272	0.1386018495394272	0.02857142857142857	0.003389830508474576	0.0024859482784855983
2023_05_31_mouse_tcell_30FC+PRTC_100fmol_100ng_60k_PRM_50cm_wtrap_01.mzml:4137.257:ELILFSNSDNER+2	1	30702	15.745396	53.330185	0.9437054	0.9559145	1.0	1.0	10.0	8.555424	2.230214	2.6999416	4.9178996	10.0	8.0	0.06224245	0.97899795	1.6987884	10.785174	7.0	0	12	0	1	0	0	718.8544368086647	1435.6943206837036	68.95428	-.ELILFSNSDNER.-	sp|Q01320|TOP2A_MOUSE;sp|Q64511|TOP2B_MOUSE	0.1236237626678207	0.1395182464393976	0.1395182464393976	0.02564102564102564	0.003389830508474576	0.0024859482784855983
2023_05_31_mouse_tcell_30FC+PRTC_100fmol_100ng_60k_PRM_50cm_wtrap_01.mzml:4575.4717:LAVNMVPFPR+2	1	33937	18.20382	61.337433	0.9441972	0.98777115	1.0	1.0	10.0	8.5571785	1.7445683	1.9326575	5.433709	10.0	8.0	-0.44635847	0.9733486	1.1209581	13.230444	7.0	0	10	0	1	0	0	572.3207943086647	1142.6270356837038	76.25786	-.LAVNMVPFPR.-	sp|A2AQ07|TBB1_MOUSE;sp|P68372|TBB4B_MOUSE;sp|P99024|TBB5_MOUSE;sp|Q7TMM9|TBB2A_MOUSE;sp|Q922F4|TBB6_MOUSE;sp|Q9CWF2|TBB2B_MOUSE;sp|Q9D6F9|TBB4A_MOUSE;sp|Q9ERD7|TBB3_MOUSE	0.1171505922163107	0.1412961341234892	0.1412961341234892	0.017543859649122806	0.003389830508474576	0.0024859482784855983
2023_05_31_mouse_tcell_30FC+PRTC_100fmol_100ng_60k_PRM_50cm_wtrap_01.mzml:4575.4717:LAVNMVPFPR+2	1	33937	18.204306	67.358	0.94627994	0.98807526	1.0	1.0	10.0	8.5571785	1.7445683	1.9326575	5.433709	10.0	8.0	-0.44635847	0.9733486	1.1209581	13.230444	7.0	0	10	0	1	0	0	572.3207943086647	1142.6270356837038	76.25786	-.LAVNMVPFPR.-	sp|A2AQ07|TBB1_MOUSE;sp|P68372|TBB4B_MOUSE;sp|P99024|TBB5_MOUSE;sp|Q7TMM9|TBB2A_MOUSE;sp|Q922F4|TBB6_MOUSE;sp|Q9CWF2|TBB2B_MOUSE;sp|Q9D6F9|TBB4A_MOUSE;sp|Q9ERD7|TBB3_MOUSE	0.1166481072720007	0.1417723149921239	0.1417723149921239	0.01694915254237288	0.003389830508474576	0.0024859482784855983
2023_05_31_mouse_tcell_30FC+PRTC_100fmol_100ng_60k_PRM_50cm_wtrap_01.mzml:4519.72:TFSNDIMLLK+2	1	33526	13.092057	8.471383	0.937244	0.9852439	1.0	1.0	10.0	7.539757	1.3646111	1.5440501	3.4074588	9.0	5.0	0.2047219	0.95892227	1.1916332	11.986569	8.0	0	10	0	1	0	0	591.3153743086647	1180.6161956837036	75.32867	-.TFSNDIMLLK.-	sp|P04187|GRAB_MOUSE	0.1063074770045108	0.1423439098873958	0.1423439098873958	0.012048192771084338	0.003389830508474576	0.0024859482784855983
2023_05_31_mouse_tcell_30FC+PRTC_100fmol_100ng_60k_PRM_50cm_wtrap_01.mzml:4175.5625:TNIIPVIEDAR+2	1	30985	12.039647	14.719725	0.97030365	0.95993096	1.0	1.0	9.0	7.547313	1.1848451	1.3452232	3.8731496	9.0	5.0	-0.038150717	0.9780353	0.19912279	11.749623	6.0	0	11	0	1	0	0	620.8484273086647	1239.6823016837036	69.592705	-.TNIIPVIEDAR.-	sp|P35550|FBRL_MOUSE	0.0833876362872998	0.1304479854791422	0.1304479854791422	0.008695652173913044	0.003389830508474576	0.0024859482784855983
2023_05_31_mouse_tcell_30FC+PRTC_100fmol_100ng_60k_PRM_50cm_wtrap_01.mzml:4175.5625:TNIIPVLEDAR+2	1	30985	12.039647	14.719725	0.97030365	0.95993096	1.0	1.0	9.0	7.547313	1.1848451	1.3452232	3.8731496	9.0	5.0	-0.038150717	0.9780353	0.19912279	11.749623	6.0	0	11	0	1	0	0	620.8484273086647	1239.6823016837036	69.592705	-.TNIIPVLEDAR.-	sp|Q80WS3|FBLL1_MOUSE	0.0833876362872998	0.1291690836607193	0.1291690836607193	0.008547008547008548	0.003389830508474576	0.0024859482784855983
2023_05_31_mouse_tcell_30FC+PRTC_100fmol_100ng_60k_PRM_50cm_wtrap_01.mzml:4590.485:ELEEIVQPIISK+2	1	34048	10.28155	-0.9296124	0.8982512	0.9826655	1.0	1.0	10.0	8.527544	1.7870836	1.9944693	2.9448502	10.0	10.0	0.33572546	0.99608135	1.5413507	11.835166	7.0	0	12	0	1	0	0	699.3979498086647	1396.7813466837038	76.50808	-.ELEEIVQPIISK.-	sp|P20029|BIP_MOUSE	0.0758657650217507	0.1317229766311715	0.1317229766311715	0.007407407407407408	0.003389830508474576	0.0024859482784855983
2023_05_31_mouse_tcell_30FC+PRTC_100fmol_100ng_60k_PRM_50cm_wtrap_01.mzml:4590.485:ELEEIVQPIISK+2	1	34048	10.28155	-0.9296124	0.8982512	0.9826655	1.0	1.0	10.0	8.527544	1.7870836	1.9944693	2.9448502	10.0	10.0	0.33572546	0.99608135	1.5413507	11.835166	7.0	0	12	0	1	0	0	699.3979498086647	1396.7813466837038	76.50808	-.ELEEIVQPIISK.-	sp|P20029|BIP_MOUSE	0.0758657650217507	0.1302912051460501	0.1302912051460501	0.0072992700729927005	0.003389830508474576	0.0024859482784855983
2023_05_31_mouse_tcell_30FC+PRTC_100fmol_100ng_60k_PRM_50cm_wtrap_01.mzml:4657.199:YGFIEGNVVIPR+2	1	34540	10.388033	-0.9029918	0.9217766	0.4146373	1.0	1.0	7.0	5.6852036	1.5254655	1.9061459	3.9707177	7.0	7.0	0.7689333	0.0	10.0	7.918725	6.0	0	12	0	1	0	0	682.3720653086647	1362.7295776837036	77.61999	-.YGFIEGNVVIPR.-	sp|P15379|CD44_MOUSE	0.0673146200712708	0.1381261035228673	0.1381261035228673	0.006060606060606061	0.003389830508474576	0.0024859482784855983
2023_05_31_mouse_tcell_30FC+PRTC_100fmol_100ng_60k_PRM_50cm_wtrap_01.mzml:4077.9734:AILSTKPPGTFLLR+3	1	30264	7.2372255	-1.6906936	0.9823134	0.54041076	1.0	1.0	4.0	4.0689874	0.6879152	0.47795337	4.568148	5.0	1.0	0.09877694	0.5965336	4.7024755	6.959611	2.0	0	14	0	0	1	0	505.3082100280474	1512.9028006837036	67.966225	-.AILSTKPPGTFLLR.-	sp|P42227|STAT3_MOUSE	0.026204050109953	0.1380079972457525	0.1380079972457525	0.003861003861003861	0.003389830508474576	0.0024859482784855983
2023_05_31_mouse_tcell_30FC+PRTC_100fmol_100ng_60k_PRM_50cm_wtrap_01.mzml:4315.734:IIFDDFR+2	1	32020	5.6383743	-2.0904064	0.9653499	0.88744366	1.0	1.0	6.0	5.6675954	0.85508484	1.057435	2.8697858	7.0	4.0	-0.36999357	0.9563693	-2.7229319	9.8747225	6.0	0	7	0	1	0	0	463.2425353086648	924.4705176837036	71.9289	-.IIFDDFR.-	sp|P46978|STT3A_MOUSE	0.0253402848696407	0.1380608623932148	0.1380608623932148	0.0038314176245210726	0.003389830508474576	0.0024859482784855983
2023_05_31_mouse_tcell_30FC+PRTC_100fmol_100ng_60k_PRM_50cm_wtrap_01.mzml:4315.734:IIFDDFR+2	1	32020	5.527272	-2.118182	0.9684795	0.88888764	1.0	1.0	6.0	5.6675954	0.85508484	1.057435	2.8697858	7.0	4.0	-0.36999357	0.9563693	-2.7229319	9.8747225	6.0	0	7	0	1	0	0	463.2425353086648	924.4705176837036	71.9289	-.IIFDDFR.-	sp|P46978|STT3A_MOUSE	0.0247568753800407	0.1396995110730868	0.1396995110730868	0.0038022813688212928	0.003389830508474576	0.0024859482784855983
2023_05_31_mouse_tcell_30FC+PRTC_100fmol_100ng_60k_PRM_50cm_wtrap_01.mzml:4834.1597:ASGQAFELILSPR+2	1	35845	17.104681	0.77617025	0.96446586	0.9676212	1.0	1.0	10.0	8.551483	1.8498039	2.3195539	4.2761974	10.0	10.0	0.023373425	0.99062955	1.1066018	10.621608	8.0	0	13	0	1	0	0	694.8802588086647	1387.7459646837035	80.56933	-.ASGQAFELILSPR.-	sp|P54227|STMN1_MOUSE	0.1239382341415558	0.1388811418040129	0.1388811418040129	0.02702702702702703	0.003389830508474576	0.003339332306517856
2023_05_31_mouse_tcell_30FC+PRTC_100fmol_100ng_60k_PRM_50cm_wtrap_01.mzml:4834.1597:ASGQAFELILSPR+2	1	35845	15.642601	0.41065025	0.9575873	0.9611038	1.0	1.0	10.0	8.551483	1.8498039	2.3195539	4.2761974	10.0	10.0	0.023373425	0.99062955	1.1066018	10.621608	8.0	0	13	0	1	0	0	694.8802588086647	1387.7459646837035	80.56933	-.ASGQAFELILSPR.-	sp|P54227|STMN1_MOUSE	0.1165335780471958	0.1438461354020073	0.1438461354020073	0.015873015873015872	0.003389830508474576	0.005801954787411
2023_05_31_mouse_tcell_30FC+PRTC_100fmol_100ng_60k_PRM_50cm_wtrap_01.mzml:4853.277:DSC[+57.0214635]NGDSGSPLLC[+57.0214635]DGILR+2	1	35986	15.58035	0.39508748	0.94684064	0.90533197	1.0	1.0	10.0	7.5300336	1.8834635	2.2946155	3.1976874	9.0	9.0	0.5466525	0.9113119	1.0751468	8.911001	9.0	0	18	0	1	0	0	968.4303893086644	1934.846225683703	80.88795	-.DSC[+57.0214635]NGDSGSPLLC[+57.0214635]DGILR.-	sp|P11032|GRAA_MOUSE	0.1389149891582007	0.1425231706947773	0.1425231706947773	0.09090909090909091	0.003389830508474576	0.009727521316359414
2023_05_31_mouse_tcell_30FC+PRTC_100fmol_100ng_60k_PRM_50cm_wtrap_01.mzml:4941.2847:AILVDLEPGTMDSVR+2	1	36635	17.210505	0.80262613	0.96517175	0.956929	1.0	1.0	10.0	8.554938	1.9205359	2.3400393	4.812351	10.0	8.0	0.30720246	0.92601895	2.2375686	10.570521	6.0	0	15	0	1	0	0	808.4216308086649	1614.828708683704	82.354744	-.AILVDLEPGTMDSVR.-	sp|P99024|TBB5_MOUSE;sp|Q7TMM9|TBB2A_MOUSE;sp|Q9CWF2|TBB2B_MOUSE;sp|Q9ERD7|TBB3_MOUSE	0.1319996274732408	0.1399727593340405	0.1399727593340405	0.047619047619047616	0.003389830508474576	0.014969737488557696
2023_05_31_mouse_tcell_30FC+PRTC_100fmol_100ng_60k_PRM_50cm_wtrap_01.mzml:4959.2637:SGEYSC[+57.0214635]IFLPEPVGR+2	1	36768	14.65821	0.16455245	0.96544516	0.92626715	1.0	1.0	9.0	6.597778	1.7610401	2.3857691	4.701477	8.0	8.0	0.26764822	0.9859353	3.1285098	9.472622	7.0	0	15	0	1	0	0	855.9114258086647	1709.8082986837037	82.654396	-.SGEYSC[+57.0214635]IFLPEPVGR.-	sp|P18572|BASI_MOUSE	0.1091783959235408	0.1413949717698315	0.1413949717698315	0.013333333333333334	0.003389830508474576	0.021382308899200137
2023_05_31_mouse_tcell_30FC+PRTC_100fmol_100ng_60k_PRM_50cm_wtrap_01.mzml:5267.977:RPPGPPLPVTTDLAL+2	1	39043	3.3570995	7.715086	0.9302448	0.87561053	1.0	1.0	8.0	3.3349805	0.9691545	0.7902284	3.1274629	4.0	4.0	-0.095175534	0.9513056	0.544934	6.990276	3.0	0	15	0	1	0	0	772.4457668086646	1542.8769806837036	87.799614	-.RPPGPPLPVTTDLAL.-	sp|Q9JL26|FMNL1_MOUSE	0.0325759537077987	0.1513823731127116	0.1513823731127116	0.00398406374501992	0.003389830508474576	0.028818941143481422
2023_05_31_mouse_tcell_30FC+PRTC_100fmol_100ng_60k_PRM_50cm_wtrap_01.mzml:5432.721:GLPLVDDGGWNTVPISK+2	1	40256	2.913567	0.30486202	0.9127167	0.8525597	1.0	1.0	5.0	4.0682144	0.7589842	0.82765245	5.3119135	5.0	5.0	0.4490829	0.89613336	0.64735883	7.2173595	4.0	0	17	0	1	0	0	884.4674268086648	1766.9203006837038	90.54536	-.GLPLVDDGGWNTVPISK.-	sp|Q6NZJ6|IF4G1_MOUSE	0.0153199094924307	0.096821827992162	0.096821827992162	0.0037174721189591076	0.003389830508474576	0.03713333981659578
2023_05_31_mouse_tcell_30FC+PRTC_100fmol_100ng_60k_PRM_50cm_wtrap_01.mzml:5578.603:EAVGDLLDAFK+2	1	41330	4.135103	-2.4662242	0.94041103	0.72486126	1.0	1.0	4.0	2.7138462	0.5744365	0.56403494	2.911754	3.0	3.0	-2.1935198	0.0	10.0	5.5580006	2.0	0	11	0	1	0	0	589.3086038086647	1176.6026546837036	92.976715	-.EAVGDLLDAFK.-	sp|Q6NZJ6|IF4G1_MOUSE	0.0009241930331607	0.0104301785170993	0.0104301785170993	0.003436426116838488	0.003389830508474576	0.04617921051373794
2023_05_31_mouse_tcell_30FC+PRTC_100fmol_100ng_60k_PRM_50cm_wtrap_01.mzml:5609.4814:VLEVPPIVYLR+2	1	41557	12.158782	-0.4603045	0.94676447	0.9614031	1.0	1.0	7.0	4.8493924	1.5070965	1.243115	4.400821	6.0	6.0	-0.82450724	0.9617731	1.068758	8.540221	4.0	0	11	0	1	0	0	649.3975518086646	1296.7805506837035	93.491356	-.VLEVPPIVYLR.-	sp|Q91V12|BACH_MOUSE	0.0732525211555207	0.134580213285724	0.134580213285724	0.006802721088435374	0.003389830508474576	0.05581025883010206
2023_05_31_mouse_tcell_30FC+PRTC_100fmol_100ng_60k_PRM_50cm_wtrap_01.mzml:5644.805:LLGATELPIVTPALR+2	1	41817	9.534832	-1.116292	0.93778557	0.28770995	1.0	1.0	7.0	4.0632553	1.0629715	1.2762668	4.941215	5.0	1.0	0.3353396	0.7993996	5.6185145	7.5993595	4.0	0	15	0	1	0	0	782.4770668086646	1562.9395806837035	94.080086	-.LLGATELPIVTPALR.-	sp|P52293|IMA1_MOUSE	0.0809249204114908	0.1318158497424283	0.1318158497424283	0.008	0.003389830508474576	0.06588019036088294
2023_05_31_mouse_tcell_30FC+PRTC_100fmol_100ng_60k_PRM_50cm_wtrap_01.mzml:5778.488:ATLWYVPLSLK+2	1	42801	2.3910434	-1.1325948	0.8674863	0.33801746	1.0	1.0	5.0	2.6673613	0.74696136	0.73798776	2.0223398	3.0	3.0	-0.44374958	0.73672235	-3.1408937	6.622551	3.0	0	11	0	1	0	0	645.8764523086647	1289.7383516837035	96.30813	-.ATLWYVPLSLK.-	sp|Q91V12|BACH_MOUSE	0.0066429393682907	0.0583102455661072	0.0583102455661072	0.0035335689045936395	0.003389830508474576	0.07624271070127472
2023_05_31_mouse_tcell_30FC+PRTC_100fmol_100ng_60k_PRM_50cm_wtrap_01.mzml:5779.2896:ATLWYVPLSLK+2	1	42807	3.0013537	-2.7496614	0.8804858	0.30129534	1.0	1.0	5.0	3.3397422	0.9980041	0.98911065	2.8942547	4.0	4.0	-0.618732	0.59067404	4.9835796	7.10732	4.0	0	11	0	1	0	0	645.8764523086647	1289.7383516837035	96.321495	-.ATLWYVPLSLK.-	sp|Q91V12|BACH_MOUSE	0.0112274562401507	0.0806335493610823	0.0806335493610823	0.0036363636363636364	0.003389830508474576	0.0867515254464722
2023_05_31_mouse_tcell_30FC+PRTC_100fmol_100ng_60k_PRM_50cm_wtrap_01.mzml:5779.2896:ATLWYVPLSLK+2	1	42807	3.3280137	-2.6679966	0.878331	0.296593	1.0	1.0	5.0	3.3397422	0.9980041	0.98911065	2.8942547	4.0	4.0	-0.618732	0.59067404	4.9835796	7.10732	4.0	0	11	0	1	0	0	645.8764523086647	1289.7383516837035	96.321495	-.ATLWYVPLSLK.-	sp|Q91V12|BACH_MOUSE	0.0129056077672507	0.0849619178010671	0.0849619178010671	0.0036900369003690036	0.003389830508474576	0.09726034019166953
2023_05_31_mouse_tcell_30FC+PRTC_100fmol_100ng_60k_PRM_50cm_wtrap_01.mzml:5779.2896:ATLWYVPLSLK+2	1	42807	2.9737952	-2.7565513	0.87300974	0.28535235	1.0	1.0	5.0	3.3397422	0.9980041	0.98911065	2.8942547	4.0	4.0	-0.618732	0.59067404	4.9835796	7.10732	4.0	0	11	0	1	0	0	645.8764523086647	1289.7383516837035	96.321495	-.ATLWYVPLSLK.-	sp|Q91V12|BACH_MOUSE	0.0111376412828407	0.0837974915566109	0.0837974915566109	0.0036101083032490976	0.003389830508474576	0.10762286053206152
2023_05_31_mouse_tcell_30FC+PRTC_100fmol_100ng_60k_PRM_50cm_wtrap_01.mzml:5824.035:LALGIPLPELR+2	1	43136	7.364422	-1.6588945	0.8340632	0.9453495	1.0	1.0	5.0	2.2788804	0.393696	0.56429935	5.924005	2.0	1.0	-0.15427285	0.8068324	0.061864603	5.8909225	1.0	0	11	0	1	0	0	596.3766238086647	1190.7386946837037	97.06725	-.LALGIPLPELR.-	sp|B2RQC6|PYR1_MOUSE	0.0291386359013587	0.1438720147629585	0.1438720147629585	0.00392156862745098	0.003389830508474576	0.11769279206284222
2023_05_31_mouse_tcell_30FC+PRTC_100fmol_100ng_60k_PRM_50cm_wtrap_01.mzml:5825.1045:LALGIPLPELR+2	1	43144	7.3690877	-1.2531481	0.8623227	0.9489335	1.0	1.0	5.0	3.3750415	0.6455672	0.8469801	5.676296	4.0	3.0	1.0047972	0.8068324	-1.3709418	7.15739	3.0	0	11	0	1	0	0	596.3766238086647	1190.7386946837037	97.085075	-.LALGIPLPELR.-	sp|B2RQC6|PYR1_MOUSE	0.0306994995823707	0.1469854828489263	0.1469854828489263	0.003952569169960474	0.003389830508474576	0.12732384037920652
2023_05_31_mouse_tcell_30FC+PRTC_100fmol_100ng_60k_PRM_50cm_wtrap_01.mzml:1996.5481:SETMETEDVPTSSR+2	1	14879	3.1645558	-0.94199204	0.82362306	0.0	0.0	0.0	3.0	2.2919838	0.3806873	0.3654967	4.1960135	2.0	2.0	0.32278264	0.5798174	-4.9154077	10.126976	2.0	0	14	0	1	0	0	784.8408673086648	1567.6671816837038	33.275803	-.SETMETEDVPTSSR.-	sp|Q62351|TFR1_MOUSE	-0.0312134790004692	-2.465864841037067	1e-20	0.01607717041800643	0.01607717041800643	0.1363697110763485
2023_05_31_mouse_tcell_30FC+PRTC_100fmol_100ng_60k_PRM_50cm_wtrap_01.mzml:2024.3994:VC[+57.0214635]AGYFR+2	1	15085	2.9018812	-0.34492207	0.38370487	-0.059417795	1.0	1.0	4.0	3.0716295	0.5714139	0.6817162	0.9926988	4.0	1.0	1.1820914	0.0	10.0	9.078327	4.0	0	7	0	1	0	0	436.7078018086647	871.4010506837036	33.73999	-.VC[+57.0214635]AGYFR.-	sp|P20334|TNR9_MOUSE	-0.0181039363815942	-0.5720843896583767	1e-20	0.01639344262295082	0.01607717041800643	0.144684109749463
2023_05_31_mouse_tcell_30FC+PRTC_100fmol_100ng_60k_PRM_50cm_wtrap_01.mzml:3436.7886:MFLNDFLNDQNR+2	1	25526	0.76281506	-3.0	0.8319379	0.8697598	1.0	1.0	3.0	1.9474401	0.14237924	0.1612312	1.8371235	2.0	0.0	0.8928971	0.46583447	1.732102	5.0896635	2.0	0	12	0	1	0	0	763.8564573086647	1525.6983616837038	57.279808	-.MFLNDFLNDQNR.-	sp|Q8JZK9|HMCS1_MOUSE	-0.0189067238381292	-0.7468155916061033	1e-20	0.016286644951140065	0.01607717041800643	0.15212074199374412
2023_05_31_mouse_tcell_30FC+PRTC_100fmol_100ng_60k_PRM_50cm_wtrap_01.mzml:3436.7886:MFLNDFLNDQNR+2	1	25526	0.75725067	-3.0	0.8331595	0.8706754	1.0	1.0	3.0	1.9474401	0.14237924	0.1612312	1.8371235	2.0	0.0	0.8928971	0.46583447	1.732102	5.0896635	2.0	0	12	0	1	0	0	763.8564573086647	1525.6983616837038	57.279808	-.MFLNDFLNDQNR.-	sp|Q8JZK9|HMCS1_MOUSE	-0.0189422902845992	-0.9976272883222244	1e-20	0.016181229773462782	0.01607717041800643	0.15853331340438664
2023_05_31_mouse_tcell_30FC+PRTC_100fmol_100ng_60k_PRM_50cm_wtrap_01.mzml:3525.8433:VMNTGSQFVMEGVK+2	1	26184	2.528834	-2.8677914	0.9142892	0.0	1.0	0.0	3.0	2.089764	0.48201415	0.4712066	2.8575988	2.0	2.0	1.3447675	0.0	10.0	4.7645183	2.0	0	14	0	1	0	0	763.8707198086647	1525.7268866837037	58.764053	-.VMNTGSQFVMEGVK.-	sp|Q8BRF7|SCFD1_MOUSE	-0.0089024735468792	-0.2009415457724162	1e-20	0.016611295681063124	0.01607717041800643	0.16377552957658487
2023_05_31_mouse_tcell_30FC+PRTC_100fmol_100ng_60k_PRM_50cm_wtrap_01.mzml:3525.8433:VMNTGSQFVMEGVK+2	1	26184	2.5419471	-2.8645132	0.9158602	0.0	1.0	0.0	3.0	2.089764	0.48201415	0.4712066	2.8575988	2.0	2.0	1.3447675	0.0	10.0	4.7645183	2.0	0	14	0	1	0	0	763.8707198086647	1525.7268866837037	58.764053	-.VMNTGSQFVMEGVK.-	sp|Q8BRF7|SCFD1_MOUSE	-0.0088440512279792	-0.1746700117525892	1e-20	0.016722408026755852	0.01607717041800643	0.1677010961055333
2023_05_31_mouse_tcell_30FC+PRTC_100fmol_100ng_60k_PRM_50cm_wtrap_01.mzml:4001.3918:NQALVELLQK+2	1	29698	2.6900363	1.3167863	0.90167165	0.27958617	1.0	1.0	4.0	2.6604712	0.24823181	0.24703172	2.5705042	3.0	0.0	1.0027258	0.8310029	0.89329594	6.003526	2.0	0	10	0	1	0	0	578.3402383086648	1154.6659236837038	66.689865	-.NQALVELLQK.-	sp|Q60875|ARHG2_MOUSE	-0.0064880581601392	-0.1139014654779992	1e-20	0.016835016835016835	0.01607717041800643	0.1701637185864264
2023_05_31_mouse_tcell_30FC+PRTC_100fmol_100ng_60k_PRM_50cm_wtrap_01.mzml:5188.5557:NSSYFVEWIPNNVK+2	1	38458	4.087978	-2.4780054	0.94914263	0.7416385	0.0	1.0	3.0	2.228671	0.3385608	0.3320509	4.722538	2.0	2.0	0.27319148	0.9283932	1.2470441	5.4750395	1.0	0	14	0	1	0	0	848.9201068086646	1695.8256606837035	86.47593	-.NSSYFVEWIPNNVK.-	sp|P68372|TBB4B_MOUSE;sp|P99024|TBB5_MOUSE;sp|Q7TMM9|TBB2A_MOUSE;sp|Q922F4|TBB6_MOUSE;sp|Q9CWF2|TBB2B_MOUSE;sp|Q9D6F9|TBB4A_MOUSE;sp|Q9ERD7|TBB3_MOUSE	-0.0149398768756592	-0.3934167577256922	1e-20	0.0165016501650165	0.01607717041800643	0.17101710261445868
